100
100
68 90
14 50
82 93
39 58
26 50
67 96
92 97
77 99
46 77
21 74
6 94
46 91
28 76
52 62
41 92
8 35
24 43
12 35
77 96
93 97
83 97
86 100
5 67
62 77
92 98
99 100
74 98
62 76
31 55
90 98
54 65
77 94
7 85
8 32
41 100
4 56
82 96
20 86
45 99
71 81
85 99
75 88
98 99
5 60
21 23
34 77
45 98
18 79
51 86
77 95
31 50
46 78
79 91
93 95
7 54
11 74
29 76
50 57
54 57
51 56
33 83
58 76
90 93
26 65
45 76
44 77
15 57
18 71
12 55
48 76
11 78
96 100
16 55
22 64
5 29
23 71
33 59
25 30
57 59
58 83
95 100
47 89
46 52
37 92
2 97
25 95
65 100
22 61
7 96
56 82
73 91
8 83
13 85
71 84
37 39
15 73
40 52
94 97
45 69
50 54
