100
100
45 73
29 35
99 100
71 86
39 80
14 74
21 87
27 92
6 98
19 48
70 97
18 62
78 91
23 83
79 82
57 61
38 48
36 57
92 96
49 71
90 98
9 99
70 80
88 92
71 95
16 46
53 88
54 65
65 74
22 72
95 98
39 78
80 91
2 78
17 45
47 97
31 32
35 73
62 80
7 47
19 87
25 100
24 69
17 93
21 36
13 84
86 91
6 28
11 99
10 50
90 97
29 79
56 73
5 56
82 92
73 94
37 66
89 95
45 88
89 94
34 81
98 99
67 99
54 62
68 98
91 100
84 93
10 47
49 96
9 70
82 93
61 64
92 98
25 93
25 87
36 59
25 57
9 41
94 98
75 93
65 77
2 59
8 56
74 76
29 83
49 77
32 52
14 29
34 66
63 84
15 71
36 43
51 67
80 89
69 82
57 93
21 78
75 85
31 95
5 8
