100
500
63 74
92 98
74 90
47 98
26 50
96 99
48 72
46 80
61 74
97 99
28 74
70 88
19 30
99 100
83 87
62 86
56 61
2 16
5 20
92 95
21 83
66 85
62 98
50 76
55 64
62 97
15 42
44 80
81 86
77 80
57 86
28 68
38 81
3 100
18 70
84 87
39 65
66 92
78 97
92 99
59 68
38 73
80 97
47 67
11 70
59 88
26 73
84 90
39 84
14 88
74 75
30 48
49 50
54 55
36 62
25 62
58 89
38 92
16 68
72 83
45 72
48 96
18 24
51 97
63 99
81 82
78 86
76 77
93 100
71 97
48 68
36 46
29 30
23 46
62 76
54 69
4 74
37 58
49 81
49 84
73 74
41 79
79 80
10 45
34 83
55 74
72 75
85 93
41 78
64 95
24 48
62 71
40 93
13 24
70 97
24 34
88 91
79 99
68 75
79 84
40 65
36 69
76 78
10 99
29 50
22 26
10 41
54 65
51 100
20 43
63 81
79 82
29 83
70 73
86 87
3 72
7 93
24 97
76 79
55 56
96 100
38 71
55 90
55 98
73 91
79 87
73 97
18 29
42 63
2 27
90 98
28 52
86 90
16 74
22 27
53 96
24 46
17 83
65 93
31 56
67 69
16 39
41 74
89 96
9 47
78 99
44 58
12 48
90 92
35 55
27 80
11 17
80 95
93 97
8 82
26 60
56 80
60 88
71 87
33 71
6 60
12 22
90 99
39 75
27 53
66 76
46 66
90 94
94 95
88 90
61 93
52 96
84 96
22 36
35 59
26 82
40 64
49 77
78 96
48 58
25 40
62 89
51 70
94 98
14 83
50 89
36 83
29 69
55 65
25 87
3 15
6 81
24 33
47 94
36 78
55 78
25 78
72 78
57 59
52 69
40 81
44 57
80 83
2 46
39 69
96 97
61 98
31 50
35 68
61 89
20 89
53 74
5 37
37 55
72 84
56 89
16 23
71 84
82 86
42 87
58 59
52 60
50 88
81 98
82 99
65 77
60 79
97 100
21 89
1 10
81 91
17 49
40 67
37 69
69 87
78 87
26 58
9 29
84 89
57 85
76 90
44 79
82 89
33 42
33 39
8 29
70 83
78 88
15 25
79 83
8 94
33 52
76 93
66 70
96 98
92 96
2 21
93 94
91 99
31 73
18 87
38 75
31 61
83 84
84 97
8 45
27 59
19 73
60 83
83 90
41 47
5 63
87 93
26 30
63 82
13 75
15 24
11 62
14 43
80 93
37 81
5 85
90 96
41 54
67 80
91 94
57 64
6 25
98 99
66 71
24 66
15 88
43 83
69 78
8 35
18 44
69 84
48 62
72 82
5 18
26 38
24 47
14 84
40 85
33 56
66 94
26 55
81 84
10 50
29 98
8 48
37 96
13 95
95 100
13 89
59 77
48 85
87 88
74 98
9 84
55 82
74 78
51 55
87 90
70 96
77 92
31 92
6 35
90 93
92 94
76 94
94 99
80 81
6 72
84 98
84 86
20 91
70 93
36 84
74 88
65 95
43 81
2 69
1 37
83 89
79 97
39 100
28 63
9 79
76 89
70 89
80 84
83 91
38 50
9 44
9 67
46 98
24 53
95 98
62 67
78 81
73 96
74 80
70 78
90 97
22 77
6 63
77 84
43 80
12 59
30 93
30 65
64 80
53 83
46 49
94 96
5 80
30 60
73 88
89 95
74 96
91 97
42 56
69 70
66 86
74 94
12 91
22 24
82 93
82 85
58 63
17 62
76 80
33 57
63 71
49 91
5 21
36 94
79 88
84 88
2 36
12 45
55 92
95 96
89 92
60 96
12 72
77 87
25 79
82 97
71 74
26 69
79 100
80 92
64 81
89 90
5 27
53 58
84 91
73 98
9 76
10 86
80 88
78 98
8 28
67 91
35 47
28 41
45 99
83 98
73 85
17 35
80 98
7 68
57 81
46 94
37 40
56 65
49 87
46 54
35 48
30 86
42 44
29 91
82 94
67 95
32 56
88 93
27 79
97 98
41 93
64 93
46 100
56 57
86 95
47 77
31 59
78 100
23 72
61 69
75 97
34 95
46 85
76 95
33 80
45 84
58 70
64 67
41 81
12 90
3 7
13 30
48 92
26 83
63 64
81 87
42 75
2 3
25 39
55 63
37 72
81 93
88 100
3 80
98 100
16 27
11 76
68 90
78 91
60 90
86 89
57 66
88 94
31 88
39 81
56 90
49 54
15 69
13 47
10 59
