100
500
45 93
4 29
7 98
9 15
66 75
2 33
4 35
53 89
18 75
49 93
77 99
71 93
39 66
18 27
30 56
64 83
25 91
20 95
34 47
35 77
74 97
73 83
28 31
26 67
80 88
41 81
91 94
12 36
78 90
23 52
41 77
59 74
1 75
36 45
51 87
97 99
44 64
93 99
53 83
38 86
22 44
34 55
59 67
46 89
13 42
5 51
7 97
91 96
65 84
93 100
30 63
26 31
60 69
83 98
92 95
28 48
11 26
18 65
15 81
41 55
50 59
82 91
14 74
52 64
47 61
19 44
27 64
52 72
37 90
44 65
60 89
13 64
37 85
14 85
89 92
44 86
80 91
38 40
99 100
82 90
40 83
71 85
71 86
6 44
12 35
94 99
32 33
2 55
13 24
24 64
61 87
34 87
75 77
25 93
59 69
63 82
74 81
5 30
28 75
6 45
86 95
82 97
79 82
72 99
81 99
26 48
45 71
9 53
19 26
7 43
39 58
67 71
40 63
55 66
87 100
26 83
81 84
52 86
87 92
36 61
11 83
46 47
50 80
84 89
64 87
80 87
29 100
30 80
76 100
33 55
97 98
62 77
45 85
45 49
37 58
66 91
26 64
77 95
66 72
71 91
29 35
59 72
40 67
95 100
29 62
40 84
34 57
63 81
22 95
66 68
88 96
3 14
36 41
39 74
41 46
54 83
7 76
47 88
72 98
18 22
4 63
92 94
90 91
41 65
51 88
13 70
70 85
46 97
45 99
28 91
50 65
44 88
49 71
37 89
31 68
33 96
50 61
51 57
61 97
91 100
69 93
86 100
38 53
19 64
46 92
64 69
27 70
43 61
94 96
36 74
74 95
57 64
94 100
42 89
79 91
42 85
55 100
6 30
55 79
70 87
57 65
69 100
23 55
55 65
11 81
17 37
75 95
57 74
91 98
40 79
18 76
21 68
96 97
91 95
84 96
5 65
51 89
41 100
31 49
39 92
68 90
66 77
83 94
36 81
52 74
15 16
69 74
60 99
52 89
51 97
81 98
93 97
92 97
23 24
49 79
11 90
71 84
18 55
23 29
64 86
25 96
53 61
21 69
9 20
88 95
28 59
1 73
26 27
88 100
53 80
73 95
85 99
10 55
73 85
2 74
40 57
49 66
97 100
9 98
39 81
14 28
79 100
45 97
27 67
77 87
70 86
1 74
31 79
74 87
88 90
21 74
59 97
31 71
54 97
66 69
14 84
94 95
41 82
60 67
86 93
64 71
24 96
35 37
49 57
86 99
46 76
93 95
20 79
30 57
45 82
90 93
9 83
22 71
23 59
64 89
10 14
54 62
52 57
42 80
65 91
29 95
95 97
73 77
61 98
86 97
61 64
74 88
87 91
14 73
16 39
56 76
38 80
95 96
34 95
82 94
41 71
42 82
59 64
51 84
68 75
36 47
46 70
27 96
68 70
20 80
28 99
84 100
9 78
73 98
1 65
95 98
83 100
78 92
46 86
89 94
26 84
57 95
86 88
92 93
26 35
25 38
13 74
32 65
16 65
30 92
11 41
62 92
21 63
44 66
53 74
18 89
75 96
85 93
9 91
19 34
46 93
41 99
18 58
1 23
96 98
2 23
45 74
49 90
16 24
79 94
74 98
27 52
61 79
88 91
52 99
8 38
8 73
59 89
21 61
19 24
1 8
86 94
28 96
67 73
77 100
59 85
10 24
1 100
91 97
39 97
56 61
44 75
26 55
74 92
8 70
1 49
24 70
27 98
31 98
51 98
48 87
31 36
11 82
98 100
7 50
14 54
80 86
9 92
53 97
8 56
11 22
4 37
76 93
94 98
56 64
79 81
19 71
14 97
61 96
82 95
53 76
57 75
18 20
62 70
18 56
16 35
22 83
46 71
70 82
87 97
58 89
36 73
34 43
28 92
78 95
26 54
36 72
15 40
57 68
53 91
19 98
19 97
36 57
60 90
35 46
11 87
65 85
84 86
49 98
15 78
41 92
28 80
74 84
29 80
5 63
7 42
25 70
48 52
82 100
37 88
3 41
37 64
60 82
84 92
82 85
5 34
51 71
27 89
77 92
79 96
88 99
85 91
85 86
25 89
41 51
41 62
2 95
85 97
80 95
79 93
66 78
36 76
45 72
6 89
54 85
5 14
32 57
49 84
55 77
68 95
74 75
42 77
59 100
86 90
10 73
60 98
50 79
78 89
89 95
85 87
57 61
74 76
30 94
35 73
55 71
