100
500
49 88
12 87
91 92
34 94
43 71
51 80
29 50
87 90
11 36
78 90
95 99
31 53
61 65
82 88
25 66
24 92
32 36
17 41
40 56
94 100
77 82
43 46
35 64
14 55
85 100
6 65
57 63
3 18
28 46
15 82
62 91
60 63
57 64
79 96
74 95
57 90
71 75
72 97
62 96
97 98
37 88
64 96
38 71
25 33
33 46
48 79
77 89
16 75
42 89
53 67
61 88
3 42
27 42
22 33
73 88
12 82
16 35
79 86
9 51
42 75
32 54
35 46
88 89
86 97
90 98
45 55
91 94
51 95
96 98
44 52
96 97
71 82
69 96
22 66
22 71
26 84
57 93
82 89
1 13
55 94
72 81
16 97
20 94
55 99
69 70
69 88
29 69
25 63
36 62
43 68
56 88
55 71
83 88
19 40
18 66
78 96
88 92
18 32
4 8
31 96
81 99
5 84
97 100
53 78
26 83
25 37
30 41
81 92
65 68
66 79
79 85
67 73
93 94
85 96
35 61
34 73
14 99
70 74
74 86
9 55
47 62
75 84
15 42
8 89
45 67
20 40
45 79
14 26
9 54
4 23
88 97
32 67
20 87
39 86
63 64
34 67
64 74
50 96
96 100
55 92
20 88
19 74
14 74
61 92
15 87
8 10
4 24
85 91
71 89
55 96
24 46
38 84
65 89
41 93
69 74
52 95
94 95
4 18
20 85
12 56
25 93
35 67
82 90
22 46
61 96
95 96
33 88
32 77
74 93
55 74
25 50
50 78
38 89
45 78
8 23
46 82
41 79
18 85
5 90
10 31
24 87
17 39
31 44
1 45
94 99
98 100
60 82
44 70
11 70
66 86
75 87
3 79
90 95
26 56
36 58
44 77
27 32
64 69
46 62
2 53
91 96
9 25
69 75
28 66
72 99
27 85
57 88
20 26
91 98
88 95
39 62
93 95
13 28
21 34
49 100
20 92
68 74
44 82
63 73
74 76
10 79
65 75
83 97
40 92
31 93
72 75
49 86
61 93
23 54
10 24
55 95
19 84
31 37
83 100
1 90
26 71
56 67
4 71
38 95
93 100
56 70
49 90
93 98
69 76
81 86
19 49
36 90
81 93
21 37
44 89
55 97
84 89
36 85
5 61
41 100
28 40
73 98
90 93
28 35
10 86
28 49
36 47
57 75
82 95
31 40
34 89
32 34
82 99
97 99
58 91
72 85
23 38
36 96
4 7
2 15
68 79
36 74
56 89
80 93
50 58
5 81
55 77
89 92
25 95
68 71
39 85
87 95
37 94
5 75
60 62
19 83
91 100
73 93
1 59
20 77
35 84
86 98
1 31
27 52
28 47
46 69
29 80
32 39
60 75
61 90
53 93
50 59
64 93
1 15
25 96
88 100
84 85
24 40
54 63
25 69
69 85
5 66
22 84
56 69
15 89
25 30
50 93
19 59
35 80
43 61
34 52
37 52
69 99
20 39
58 70
63 87
84 95
60 80
44 73
38 81
49 56
52 96
72 95
51 75
68 69
79 95
62 76
15 23
2 100
45 62
90 97
35 86
17 79
14 100
3 77
95 100
63 92
75 88
39 61
32 79
83 94
30 76
69 72
38 80
7 76
39 96
49 73
47 81
29 61
5 9
77 92
57 62
76 100
13 69
2 5
26 81
19 32
42 69
98 99
34 78
74 94
70 94
72 83
55 63
53 63
4 87
87 88
39 51
22 30
84 93
31 84
21 36
77 86
18 52
86 93
59 91
48 78
65 78
13 99
27 40
47 74
18 72
94 96
71 78
6 58
41 47
35 65
51 59
1 30
45 56
7 70
33 50
58 74
19 52
61 81
25 55
38 42
4 9
49 80
37 79
95 97
1 64
78 94
62 67
69 97
12 74
70 87
43 77
71 74
33 53
28 98
31 87
29 37
38 45
88 96
78 99
42 65
92 99
57 73
47 61
2 73
72 79
53 60
29 71
17 40
47 80
58 59
19 90
16 71
26 61
67 89
33 45
43 85
8 24
72 90
58 99
19 70
83 95
90 99
64 94
54 74
7 33
24 93
79 88
76 95
12 30
81 89
9 57
16 26
41 49
11 57
8 54
80 96
30 72
96 99
99 100
35 85
13 22
66 78
90 91
40 80
83 84
20 51
44 84
8 27
26 79
65 85
84 92
42 80
55 88
47 97
66 72
23 40
80 100
95 98
30 63
25 77
30 86
79 97
84 91
52 93
12 21
4 81
71 100
59 65
