100
100
55 82
48 93
21 22
14 29
28 69
21 55
7 49
42 33
60 78
71 85
25 13
54 76
13 36
56 39
13 59
69 7
93 32
73 28
46 66
64 20
47 99
28 59
52 58
55 43
47 52
25 96
18 8
52 89
58 96
86 27
71 5
74 9
2 23
31 56
89 36
97 93
73 55
1 90
66 49
17 94
14 3
35 77
8 71
25 73
49 1
55 16
72 38
11 48
8 35
31 98
3 87
71 27
50 88
2 43
19 53
28 75
72 29
80 30
8 47
85 41
63 79
89 63
23 82
71 74
52 75
51 91
29 82
44 43
19 36
16 53
33 95
93 1
61 34
62 60
6 70
97 3
87 47
68 49
24 53
100 99
26 98
46 42
97 64
26 96
30 57
19 22
98 84
40 38
12 96
66 1
51 1
66 47
69 47
14 72
52 65
32 72
94 9
75 33
83 40
10 54
