100
100
82 89
7 62
9 67
62 8
90 53
39 30
8 15
93 61
13 45
46 39
40 8
11 32
28 13
80 13
19 22
23 21
36 18
67 39
25 81
37 74
15 79
34 2
51 76
65 24
30 35
52 5
88 67
89 78
98 66
4 75
84 78
20 18
65 88
45 60
13 74
53 40
35 22
22 67
93 64
37 49
100 34
22 52
83 72
87 93
83 20
32 80
43 29
94 12
53 50
53 83
98 26
97 19
38 64
3 47
50 17
39 31
5 3
50 23
26 63
3 6
62 28
63 62
26 33
48 100
52 82
58 12
81 65
36 30
28 76
21 45
34 57
15 12
62 84
44 15
57 11
69 15
37 63
55 66
74 28
21 56
13 1
31 53
89 26
16 77
63 53
50 48
79 29
71 16
87 54
77 88
55 42
47 11
23 7
42 73
66 20
4 70
27 25
98 50
91 11
96 41
