100
500
12 19
39 58
34 11
26 89
95 7
67 66
66 37
96 48
3 58
80 31
3 54
31 5
17 29
15 33
81 87
72 43
17 61
92 89
27 88
82 45
2 1
85 55
31 93
38 49
32 8
41 13
89 28
99 40
36 9
39 12
25 39
85 68
7 26
84 39
16 8
92 48
48 52
71 61
4 16
3 12
44 92
24 26
36 10
28 61
43 87
82 11
90 88
28 84
86 96
98 86
17 64
37 3
65 53
45 60
73 65
40 66
89 29
28 20
66 59
57 15
31 35
4 97
2 25
5 14
18 91
23 99
19 55
30 72
75 27
34 41
26 29
93 92
29 20
94 64
81 4
92 85
12 53
70 26
41 67
47 23
15 23
66 91
41 84
48 69
25 81
46 42
10 31
12 76
88 79
78 53
68 37
26 4
26 31
54 97
26 28
65 32
39 46
66 5
40 88
76 100
60 93
38 74
7 56
31 9
52 94
27 81
46 62
71 24
83 95
29 68
68 32
14 68
10 81
66 96
86 75
11 10
70 75
33 97
54 92
96 88
82 73
86 82
38 89
75 59
96 79
47 46
56 17
34 40
12 55
14 51
39 90
8 47
100 66
56 64
63 23
18 61
30 93
55 38
37 96
89 46
17 50
61 36
10 26
13 67
83 47
54 95
87 31
81 8
62 77
13 71
20 86
43 93
82 21
78 5
30 82
56 23
3 30
6 55
77 46
100 14
95 9
100 26
57 99
14 34
22 35
98 55
26 63
18 79
73 74
17 86
78 15
45 90
45 42
18 29
50 79
72 17
79 9
19 13
91 26
45 48
11 19
7 30
44 21
36 57
62 88
28 1
31 43
42 34
53 72
70 68
44 91
52 77
73 48
86 99
23 21
67 80
3 56
42 51
53 74
10 15
100 86
66 43
55 88
47 66
2 28
73 58
51 96
70 81
63 28
32 72
34 72
71 87
55 47
72 99
8 38
20 85
59 84
88 12
53 52
98 79
91 72
27 29
89 42
83 6
52 43
6 37
18 2
65 46
82 55
81 5
37 100
73 100
93 80
99 24
13 17
4 81
78 29
51 66
71 22
83 40
15 45
50 24
67 50
12 67
10 98
56 63
34 59
76 86
34 35
45 72
70 63
66 25
61 32
33 80
54 90
33 83
35 4
53 30
26 83
80 68
16 46
63 90
74 79
74 17
64 13
16 67
82 16
65 11
45 94
31 33
4 41
53 25
10 83
85 25
68 11
47 26
69 51
32 9
97 93
40 25
98 80
37 62
14 94
65 85
15 24
93 71
17 14
84 21
47 25
80 73
90 89
91 90
40 92
88 39
12 30
72 26
75 1
1 74
69 28
11 66
8 43
79 6
65 12
84 88
76 65
21 47
43 3
22 58
82 74
97 77
35 23
91 92
72 37
50 84
22 12
14 29
4 7
14 99
92 58
56 22
35 88
83 23
84 64
40 35
71 25
44 99
16 59
35 3
99 91
45 27
22 79
1 93
38 95
5 41
27 93
61 58
45 22
99 42
21 55
67 34
21 5
31 91
36 40
27 92
50 3
73 21
26 95
78 27
59 92
7 22
24 18
34 68
6 96
80 4
34 95
93 18
69 75
28 56
65 38
29 18
98 52
10 5
100 93
55 76
29 38
10 97
75 93
6 90
54 98
54 81
85 11
38 100
30 100
63 50
92 7
35 66
41 22
1 67
57 94
36 46
91 4
51 17
32 5
87 49
37 74
42 52
37 81
9 100
33 48
67 18
99 50
76 58
76 83
43 63
61 76
64 27
20 11
44 75
97 43
23 34
44 39
50 98
77 58
4 93
56 57
43 96
51 77
3 62
8 57
19 37
82 42
87 38
23 79
94 62
88 94
49 31
83 2
66 45
40 75
12 99
51 81
1 2
70 9
87 74
96 9
29 46
19 69
38 1
46 21
50 9
71 57
74 14
50 97
92 26
68 16
68 6
16 15
76 55
96 40
42 84
16 22
52 12
24 17
17 87
12 11
39 6
24 88
42 27
62 15
87 48
43 55
74 11
2 9
52 45
16 35
85 51
51 7
65 75
7 9
49 65
41 57
75 72
22 27
99 27
89 34
21 69
100 42
86 57
55 16
48 4
48 16
22 89
29 41
24 38
69 81
72 12
37 26
23 88
49 35
67 45
78 63
44 43
56 94
30 6
58 5
46 85
57 35
95 15
1 41
43 32
84 51
9 35
50 54
52 29
97 40
20 95
15 9
90 72
86 55
17 84
