100
500
60 96
41 57
77 57
54 43
31 62
56 41
91 3
79 53
36 24
27 79
67 9
95 9
55 35
75 99
14 44
13 98
56 19
1 86
22 89
65 34
17 45
77 98
27 89
86 41
42 9
13 7
73 75
90 45
3 93
17 11
81 9
64 46
86 20
21 30
71 12
40 82
39 20
52 61
50 2
51 100
82 28
45 22
18 27
42 11
9 2
40 15
83 18
87 76
46 45
96 38
60 32
71 76
79 85
60 51
54 23
51 31
23 29
79 6
27 38
66 47
49 9
97 20
86 81
56 6
70 67
81 27
27 84
48 57
79 39
39 84
10 15
96 19
46 23
21 32
35 21
94 7
43 12
74 18
69 3
39 49
61 62
7 91
3 46
57 3
78 70
88 70
13 86
98 45
83 15
94 57
67 22
20 60
96 70
84 46
88 87
80 43
4 56
35 3
72 59
92 9
93 82
28 42
83 20
14 93
49 89
93 63
4 74
41 45
80 48
7 96
76 20
32 82
63 9
79 28
11 27
33 31
91 48
84 89
60 54
12 38
17 16
82 90
17 76
21 13
40 69
78 34
47 72
37 30
2 93
4 39
40 67
28 34
80 50
67 19
33 46
9 29
90 88
83 82
75 57
44 39
40 54
47 97
88 1
17 87
44 83
25 80
37 21
83 27
53 92
61 30
6 85
78 12
25 94
26 82
25 44
97 47
77 12
49 1
67 30
36 59
7 45
4 78
35 64
64 24
64 95
26 19
8 68
76 35
3 56
41 83
3 87
8 16
19 90
71 10
96 95
20 79
2 58
53 12
10 39
2 79
4 79
3 65
7 77
28 59
51 14
3 26
45 25
14 51
68 9
8 33
74 59
15 62
71 48
85 52
12 63
83 97
41 65
51 24
100 93
53 15
51 82
45 96
4 53
10 4
93 36
2 4
82 16
80 96
17 94
23 7
34 23
17 72
99 5
24 29
49 69
58 86
97 46
41 27
96 55
42 93
8 10
40 47
72 17
71 54
89 40
47 30
16 69
31 23
58 45
30 82
14 24
71 20
43 20
15 52
52 71
38 4
49 86
99 41
71 8
13 12
74 38
53 74
60 23
75 15
12 41
67 74
68 17
92 42
49 79
9 35
91 42
38 10
70 47
8 34
55 17
21 90
38 50
62 69
32 4
68 87
76 51
11 51
84 12
65 9
22 35
74 12
56 17
37 22
99 10
75 19
64 11
85 45
94 48
26 52
15 36
14 66
77 62
65 7
26 20
1 90
11 32
77 92
98 48
90 41
92 21
36 2
12 51
18 100
94 15
24 26
10 41
43 40
1 74
46 85
88 9
22 15
73 72
50 57
29 2
10 95
31 20
100 45
15 17
30 63
95 48
52 43
61 23
38 80
41 82
62 8
91 39
73 9
91 56
1 69
49 99
39 90
40 39
35 75
29 50
8 72
6 33
74 1
86 76
81 17
16 76
89 72
49 47
52 89
91 92
20 38
65 75
75 94
47 33
31 51
90 79
20 90
83 89
24 22
64 7
58 39
61 11
14 32
1 50
67 59
41 24
21 99
48 18
33 69
31 71
32 85
39 61
69 26
46 63
5 24
90 50
51 74
96 67
69 71
86 38
83 26
15 30
42 35
68 73
97 85
15 13
30 59
46 90
74 24
1 47
91 51
15 1
73 16
99 96
96 80
78 28
56 10
88 38
60 100
83 32
80 36
58 18
6 20
96 92
85 81
24 90
59 32
66 56
61 6
6 34
20 98
31 60
42 1
5 99
72 31
38 33
64 88
25 61
33 9
5 43
16 34
90 85
94 21
67 93
11 20
26 38
72 70
89 12
73 57
76 86
86 9
28 94
7 73
86 54
79 84
11 52
21 71
88 31
4 38
26 9
23 34
43 4
49 97
35 92
56 11
68 14
3 43
87 83
15 9
31 57
73 52
49 61
94 11
50 91
39 4
71 16
70 4
48 27
41 96
34 50
70 30
22 67
92 69
70 85
81 88
45 32
89 23
43 75
90 29
41 84
24 79
70 27
84 86
64 40
26 84
32 83
30 19
67 51
82 77
28 13
87 64
54 55
68 23
37 63
76 93
13 85
54 58
29 95
37 13
40 41
74 47
16 6
25 79
24 28
38 64
31 45
9 88
19 82
31 47
69 32
64 54
73 48
22 33
71 95
64 97
80 91
47 68
26 93
80 54
29 27
37 88
72 62
84 97
93 64
86 21
1 13
82 78
56 37
58 12
47 23
82 6
