100
500
15 72
13 64
23 24
5 59
59 4
54 88
25 47
98 69
42 40
67 50
31 57
73 32
60 87
8 13
55 68
84 74
55 76
77 69
58 78
37 64
52 6
43 94
25 87
72 24
22 91
77 74
49 31
89 98
35 37
82 37
48 57
99 56
91 16
56 4
44 68
56 70
73 1
83 54
28 100
14 53
61 80
62 6
2 11
64 13
58 37
77 93
41 17
28 30
63 72
5 10
77 60
81 57
75 4
93 38
47 88
91 25
50 41
63 1
58 10
71 17
2 20
61 59
14 36
22 24
86 34
9 43
9 44
58 89
46 97
7 62
45 52
95 68
16 62
3 94
77 9
51 78
42 36
20 11
98 18
55 36
48 56
94 33
49 2
89 48
54 35
89 97
42 73
75 72
3 78
14 50
81 45
24 39
9 12
52 27
29 57
80 67
29 53
38 61
83 23
23 70
53 21
28 86
22 9
74 64
64 75
85 83
92 30
17 16
79 61
79 56
33 48
33 41
9 28
76 72
88 37
79 37
41 9
67 86
91 96
52 45
36 19
8 94
79 21
83 49
89 83
90 44
29 11
39 86
3 91
32 49
72 95
47 68
89 46
68 22
12 64
20 64
83 33
79 29
60 48
15 73
30 17
43 53
42 72
85 15
20 4
11 45
95 36
52 3
7 74
49 89
76 85
80 14
29 73
28 5
81 97
42 24
76 63
76 69
12 57
31 4
74 98
83 26
57 33
93 76
22 80
47 3
85 57
21 27
82 43
62 75
6 7
29 18
10 24
12 97
95 93
75 98
32 75
43 82
80 99
80 21
36 84
50 100
25 34
69 25
90 97
20 54
71 33
40 89
69 41
92 3
96 49
35 47
47 26
52 36
96 97
97 79
46 8
68 94
94 37
71 14
12 20
15 75
50 67
88 48
97 9
71 22
16 31
78 73
1 9
15 23
49 100
15 46
39 75
2 63
34 68
76 59
62 74
39 37
42 48
66 9
88 33
76 77
36 29
98 85
58 64
88 92
64 38
69 38
39 6
75 97
72 30
29 31
45 98
85 7
97 37
82 80
40 71
41 88
79 80
62 87
9 13
11 84
68 52
75 1
54 7
13 7
81 90
44 99
100 35
93 68
6 44
33 72
69 34
73 77
19 18
19 40
33 92
69 52
85 43
18 34
20 100
64 59
79 28
41 40
68 35
27 60
65 28
16 29
93 4
98 78
37 20
72 74
27 26
24 71
70 48
12 38
100 99
38 100
59 85
58 94
84 87
75 37
7 24
29 80
77 35
63 33
24 8
9 65
35 3
44 39
58 81
32 35
47 90
83 21
18 23
13 94
31 72
79 6
92 99
7 58
21 91
25 95
80 25
5 76
24 56
35 15
66 34
89 87
99 66
49 23
85 98
14 25
34 43
81 34
48 61
39 52
80 49
17 85
74 42
27 2
100 92
1 30
43 21
25 38
72 90
77 38
23 87
48 2
17 12
77 8
52 13
68 40
57 19
66 33
81 72
28 63
77 24
29 98
50 98
91 5
65 49
57 43
25 66
94 44
78 55
17 82
33 25
33 29
35 93
38 24
40 47
51 15
78 94
80 35
97 88
6 40
10 89
78 90
91 65
51 57
53 85
26 76
65 12
36 94
98 54
96 22
26 55
34 65
87 70
39 30
45 82
91 34
42 65
63 94
7 59
95 5
6 59
14 32
9 39
70 11
35 51
60 91
40 86
79 75
77 19
71 4
5 42
27 18
68 19
97 92
30 16
39 42
26 22
71 5
10 83
60 27
58 41
92 14
42 16
59 87
13 18
74 84
98 10
32 29
67 5
49 47
87 30
53 29
97 47
86 43
62 23
71 54
31 100
23 38
27 76
2 98
87 9
91 29
92 61
14 41
71 8
34 18
30 53
97 42
60 66
29 89
34 60
6 20
61 89
60 82
68 38
82 12
38 37
70 58
6 78
42 93
93 83
79 77
51 11
56 32
74 41
35 66
43 90
71 15
45 75
71 79
15 66
31 70
97 70
34 14
44 22
37 15
79 25
94 79
32 21
32 42
22 73
48 74
98 15
87 94
45 89
49 25
10 98
70 27
89 40
24 48
63 45
23 65
65 87
98 73
77 84
81 15
25 29
44 62
8 45
59 22
79 48
55 46
11 15
31 76
66 38
28 94
91 67
31 66
81 75
48 36
91 77
14 61
2 57
21 83
4 44
89 29
55 40
1 45
98 84
86 90
97 16
67 10
12 17
2 17
