100
500
9 53
88 34
72 70
86 49
30 43
30 47
40 43
31 44
28 63
65 70
5 12
25 45
28 10
61 11
6 7
100 43
81 96
34 72
66 87
38 17
56 6
14 66
57 91
18 65
23 62
73 35
8 42
40 7
17 85
10 61
95 63
9 5
30 4
5 89
50 29
49 97
7 100
27 47
3 76
51 34
71 30
55 47
76 100
26 97
94 52
34 99
93 48
49 10
51 24
65 94
100 57
90 89
96 59
39 25
44 10
1 84
98 88
64 78
45 46
19 81
83 46
60 39
46 6
85 48
14 61
11 43
88 59
39 22
91 65
10 93
77 82
66 43
63 16
81 74
74 79
72 99
47 97
2 91
50 55
64 62
85 79
78 60
67 97
93 61
96 24
59 23
37 26
70 23
60 46
41 10
14 41
52 43
54 49
20 8
89 29
56 77
59 29
29 83
74 65
36 33
61 89
83 89
7 12
1 19
47 67
87 21
36 63
83 26
27 64
63 61
1 2
92 21
71 2
12 88
28 47
55 72
14 65
33 58
92 22
68 97
56 43
13 62
24 53
21 14
1 11
22 64
16 62
27 79
2 43
8 90
86 68
45 37
65 54
83 22
51 93
52 2
44 43
27 20
30 85
59 63
33 10
79 91
81 28
18 51
75 84
41 82
12 15
59 86
39 62
41 74
96 26
70 87
54 78
50 62
51 79
97 75
33 42
27 25
52 73
66 91
28 95
33 18
98 57
91 8
81 73
4 83
26 9
72 54
86 96
44 66
95 84
28 71
40 40
10 43
84 91
94 5
32 65
45 96
11 73
20 42
42 71
34 9
27 31
59 2
54 43
22 90
51 62
39 82
29 98
42 68
88 22
11 20
80 69
1 8
40 91
39 4
83 87
11 23
21 46
21 16
35 75
83 33
2 58
97 34
62 100
35 12
43 49
9 64
71 54
2 73
33 29
46 37
96 99
41 92
26 74
45 69
34 76
1 90
58 16
54 27
55 8
72 61
2 40
23 84
93 25
87 93
62 10
71 44
7 83
86 61
37 40
15 23
71 99
58 41
74 59
49 56
1 66
94 3
44 37
22 58
51 40
71 56
55 61
59 95
94 25
57 62
80 50
59 56
37 97
11 18
79 76
99 24
88 82
34 45
71 28
71 63
26 41
45 99
57 28
43 41
78 99
71 77
61 81
17 80
30 99
70 55
10 32
75 13
73 26
21 59
9 84
55 11
23 98
4 44
8 32
12 73
75 47
86 72
41 22
31 80
65 43
82 21
70 64
84 30
37 81
79 29
16 8
85 61
91 74
27 80
93 76
29 92
11 46
36 68
38 28
54 65
58 83
96 66
92 69
21 89
21 81
60 22
10 8
54 90
16 64
88 35
25 13
8 68
92 3
52 76
26 30
8 1
50 18
30 80
9 6
10 34
3 67
77 54
93 31
4 29
48 16
15 32
15 69
58 5
30 3
87 37
70 11
69 32
24 94
38 10
88 40
23 90
96 86
26 75
59 97
19 71
80 87
81 99
22 88
78 55
54 42
7 53
27 81
64 50
48 99
29 29
57 46
93 37
34 100
34 81
68 37
46 50
13 90
2 39
66 73
20 27
69 56
77 91
6 64
55 55
5 64
10 9
61 44
76 51
22 39
74 13
49 92
29 6
72 94
27 89
52 48
94 35
46 35
93 5
3 44
38 63
56 99
4 31
80 80
75 2
70 22
45 38
59 17
89 40
55 4
55 87
40 16
13 4
12 6
12 49
78 54
20 44
79 77
89 93
99 85
86 16
21 100
95 81
53 84
87 13
79 89
13 63
16 73
51 61
46 22
93 97
16 12
9 18
34 2
1 22
62 73
94 43
90 31
68 81
95 34
68 60
58 30
15 26
73 98
57 87
37 99
87 77
58 14
95 18
7 78
44 32
28 20
65 22
35 68
38 65
93 67
99 32
45 20
59 99
25 59
8 71
56 26
86 27
58 72
1 63
100 13
73 83
52 69
97 92
4 95
34 48
85 21
81 45
58 24
100 44
34 95
99 66
92 74
53 23
99 52
3 80
44 98
92 5
90 36
56 68
76 78
36 73
4 34
13 95
6 96
35 42
53 96
92 76
47 54
50 32
63 71
19 59
86 13
37 6
59 85
59 60
78 56
22 31
15 66
61 37
68 6
4 70
34 88
16 19
82 33
9 76
16 74
41 17
37 70
42 50
31 28
71 16
52 22
97 6
86 41
76 13
45 29
30 56
1 46
29 24
