100
100
79 90
20 81
45 36
34 66
27 61
90 12
3 9
61 12
77 40
48 79
23 51
85 24
12 20
47 72
18 48
46 45
2 76
87 98
78 59
36 12
30 42
56 15
74 26
24 29
17 47
55 81
63 48
8 64
1 31
11 55
76 95
86 43
25 16
51 74
6 11
5 86
64 78
65 89
4 29
96 59
9 24
21 36
40 95
84 82
70 98
50 95
91 8
32 27
10 72
75 70
58 97
26 62
57 54
68 48
38 10
88 87
97 9
98 56
66 87
72 79
35 56
31 33
62 80
81 14
69 95
44 29
54 83
19 93
80 34
49 45
33 81
82 2
100 24
60 16
53 42
28 9
43 27
41 18
89 49
99 82
59 11
94 48
83 10
7 64
73 65
29 5
39 34
14 75
42 78
16 92
95 2
15 8
67 17
71 23
52 99
13 97
93 12
22 46
92 10
37 31
