100
100
96 88
92 28
62 89
81 88
1 59
61 15
18 10
49 59
77 47
15 35
76 96
48 19
13 87
9 84
60 20
20 26
100 6
84 37
26 74
63 2
97 67
55 77
4 7
36 20
8 52
75 93
47 83
87 15
37 61
94 77
35 65
44 87
7 40
70 29
57 45
33 68
78 27
21 89
24 12
68 40
71 43
64 30
67 71
93 13
19 11
95 57
22 24
46 33
40 2
39 71
6 84
85 25
23 68
45 25
25 73
42 89
58 18
11 98
52 51
10 54
86 96
31 60
69 47
89 36
14 8
30 12
72 10
99 94
59 70
88 48
65 9
3 62
51 88
38 77
83 36
98 57
27 82
74 69
80 10
82 70
5 47
56 49
79 12
41 11
66 47
16 13
32 93
28 62
2 21
73 98
54 11
53 27
29 25
50 61
34 3
17 73
91 50
12 64
90 67
43 12
