100
100
68 60
17 88
8 40
98 4
50 20
13 82
72 92
29 33
6 53
33 55
91 80
55 69
14 50
9 39
42 11
38 52
16 30
35 70
84 61
97 75
92 41
76 31
45 14
44 41
100 18
99 36
52 6
90 86
81 39
86 56
1 79
58 35
2 61
74 85
20 67
69 38
22 2
82 23
73 9
60 32
47 95
3 12
64 3
80 14
32 68
94 46
75 69
83 67
39 9
78 10
88 91
27 3
36 21
15 46
70 67
51 1
49 85
59 25
34 35
23 73
61 26
89 86
87 75
31 82
46 4
96 87
43 93
25 30
11 38
77 7
63 37
24 91
5 1
85 56
21 29
12 16
65 41
57 23
93 20
19 33
4 85
48 59
30 86
95 66
66 12
41 12
10 41
26 94
40 8
71 92
56 83
62 7
67 60
37 91
53 24
79 65
54 31
28 19
18 61
7 23
