10000
10000
1595 3874
8979 4467
3775 5491
3794 1033
1961 8668
442 6322
4222 8938
6506 1285
6185 4392
1935 3904
6922 9565
4418 6582
9149 2928
7661 5025
5652 653
7788 7019
6407 6897
6286 1174
7378 6523
7232 6157
9232 4095
207 5146
450 9578
7743 8022
8580 5634
6823 2607
9189 2530
6289 9405
6822 5550
3907 4740
9297 3136
6851 5623
4626 6043
5765 1836
9010 4165
8680 8232
3959 8908
695 4702
3781 6890
5674 6310
5847 5761
3028 227
4154 2427
7393 9534
1377 7494
7431 8523
6403 5662
738 9636
8076 1468
9238 4114
580 439
6319 7350
4291 8927
2206 9155
6345 8264
711 925
9245 4135
8466 7151
9126 4013
8659 390
2773 1152
7534 955
6138 2885
7654 4142
1486 6961
1794 9550
7662 8044
77 2561
49 3338
7645 1787
2423 9703
4854 8551
7904 8279
2383 485
1522 1136
4824 6754
7842 6327
8980 1036
24 8352
4510 6872
9050 5246
6995 8027
543 9187
8395 1922
118 265
4684 1688
4550 7298
4202 7619
889 9091
4138 672
6007 7050
4898 305
7540 9226
1296 3120
3939 2767
7554 3647
1599 414
6224 2117
5815 6687
6143 901
5681 7741
7317 1121
6378 8044
6107 535
4158 8295
8226 2071
6931 1410
2771 1750
1681 2408
3745 8415
5965 3799
308 7435
1910 5445
8549 3258
2430 3953
7257 2181
3347 3663
7992 8127
986 3634
5877 7705
301 9358
4495 9491
271 4187
9156 5022
6381 6036
5314 7904
5715 4780
7544 4551
3826 9176
6410 4575
9371 1654
6901 4701
2323 5240
2949 6533
554 4097
7705 6318
9737 8190
9551 4018
9425 5931
722 3255
5515 9408
1019 475
512 9999
2304 5690
5940 74
3014 187
7970 5624
4072 9768
1401 9900
2176 630
3900 7660
9899 1121
901 4547
4463 9279
8537 8133
8220 3702
7530 9897
7339 6100
1998 8950
1210 5324
1724 238
5523 8774
4518 1621
7434 5067
3271 4208
5129 702
8087 6460
2028 549
8700 2187
9990 4399
150 3099
3462 3044
3227 8575
4181 4723
4845 7363
1833 7705
577 703
3600 6584
6196 2429
3540 1747
7609 2235
5817 2105
9027 4743
781 3911
4101 2530
315 3147
2255 5421
8576 3561
8419 869
1308 4300
773 5627
9535 701
5039 4042
6005 9921
5173 1264
1413 1548
345 7469
6412 8362
9982 3551
7271 6103
2790 2449
2614 4171
6966 1787
7304 8337
3844 9638
876 9551
3043 9700
780 2221
9030 8363
7392 8301
9023 7661
4728 9079
1178 7201
7568 4203
4700 508
6937 2074
52 8060
1188 8949
9144 7736
8959 1888
4428 7214
6096 6911
3219 6024
4 8810
8247 4272
5354 595
4284 1005
4451 2148
5226 2423
9635 1812
8820 2830
5773 360
3392 3455
8023 1646
1116 3023
4303 5744
6365 2959
9853 103
9268 8004
1934 8846
7435 8400
811 5598
9070 1713
4526 5031
830 8090
6243 5387
1737 835
419 3592
2520 5211
4750 3371
5776 8990
5512 6919
3412 1849
6843 2667
9900 2543
5878 4802
664 9653
3587 6138
5307 3148
4031 8802
9861 1511
3398 1859
7559 1338
1617 5141
9230 736
5606 497
4682 4134
6116 8923
7208 4202
9574 4209
3854 9495
6317 4033
8207 1545
9533 3838
43 7139
3089 3040
5372 4589
8923 4936
7684 7997
4006 9057
7022 5054
2901 6977
7979 1805
2049 5117
6610 6570
3130 9507
2409 983
4901 6575
8989 4452
929 4660
4434 1739
1217 2669
2118 880
744 2170
2657 9751
5993 7822
2778 4923
8101 7070
615 4994
3235 2928
5719 7495
1068 7686
3570 9453
5046 9762
2199 3410
5961 4069
8470 3290
4340 6570
8034 7209
9578 2914
1713 7507
4731 8179
4764 1334
601 1879
5659 5255
5987 9702
2737 3867
8765 1910
7513 6405
3070 8187
4571 8399
1479 1771
9626 7965
3147 7579
5743 4991
7515 5701
8704 3250
1899 7849
2451 8115
4565 2565
8652 5654
5942 4103
9550 4223
5087 6089
1857 3694
5112 7977
936 985
1547 624
4399 2414
5276 2491
9726 5228
7407 6250
8394 7992
4070 2318
8562 5707
8210 4325
151 5867
3159 3651
188 5154
541 6326
5376 9177
4179 8731
6810 5672
183 8964
9191 2912
6534 7050
1753 3156
853 327
5010 3929
3679 5500
4188 4863
523 7491
6406 9101
1654 7466
850 2150
1503 2966
661 1758
4409 1449
4933 1193
4852 6302
2209 3689
6003 5034
3922 2120
5139 5330
8934 5937
4653 5386
5212 4073
2807 4566
8339 527
3481 4918
6588 8342
5392 8447
8335 8823
6861 8993
8044 7024
4251 8943
5423 1543
2961 8916
2979 7946
8122 1280
8364 746
373 9520
3796 3635
1444 3422
5853 4894
9308 7836
3751 4496
2373 8214
4512 4985
3856 41
2336 245
8193 5524
9911 2843
8907 4421
4554 8106
4308 5732
6891 611
9648 7084
8011 8518
2228 5795
6368 2601
5892 7888
6145 288
4611 364
8987 6444
6011 5761
5975 2403
8088 2090
1368 2822
9783 4200
2764 3838
1110 4790
6295 2936
7348 8673
9584 811
1198 8427
5499 3594
7980 5859
3858 2266
2289 385
709 3351
7991 5367
8735 8305
5105 3358
7886 6732
8699 7438
2462 5006
9295 5741
4071 3640
1525 4054
3432 513
5928 2320
1292 728
6704 4565
941 8285
556 2695
69 7228
7212 4721
1352 1994
5973 4725
3925 4870
692 9774
1233 2639
1629 7444
8674 8893
3134 3009
9843 8283
3727 8226
7824 5927
6165 4490
9627 4369
621 1863
8258 2198
3239 6064
7306 7698
8791 2953
6327 823
6992 8861
2338 23
737 9116
7849 6193
6948 5041
1877 6252
5685 9750
2763 3460
9640 5109
6335 7664
1756 173
7416 6539
8831 2220
376 5155
7869 3765
6825 8061
7461 4727
2106 4987
3312 6908
9377 8387
1502 9084
1473 5144
9121 6377
5405 8197
6018 9524
5910 9341
8963 3013
6237 4701
5063 869
1313 4876
5052 1275
3834 4352
1458 9082
6570 5609
6933 8736
6858 4790
6633 6893
264 7479
5443 328
6688 7384
3880 3586
2584 8842
8727 3516
1267 3936
4785 8363
4280 9596
8890 5202
652 2688
1854 3935
1416 192
9765 2992
8149 9921
4339 204
2026 6914
1704 9190
7349 407
6477 60
3103 4681
4590 8558
2125 5606
6722 2627
8737 3031
1847 9177
9444 6752
9613 5306
1320 2934
5812 1721
5297 8710
5058 3628
277 2626
44 151
2246 9368
9380 9718
5534 5366
6840 9451
3534 1796
6451 5359
5595 1967
166 9303
3697 6030
1851 5232
3075 6161
2432 5570
9734 4913
6962 6056
5830 1405
1552 7169
9065 7722
5483 2913
4069 2681
5082 7651
7063 1966
268 5506
6644 8103
7639 3551
682 5284
5852 8616
1018 8106
4641 7520
9274 1097
9259 1547
1745 3535
9205 70
3100 4383
4386 4428
7259 7023
6579 2924
1433 4546
8850 9035
8906 9694
9903 4014
4709 9369
2140 2393
6909 5606
6361 9739
3857 9435
3972 4215
1021 7063
5864 2531
6562 1238
1013 1032
7334 6782
7595 2684
9885 1910
4112 7194
6419 3273
1174 190
755 6193
3672 6804
7478 1588
7031 6032
7643 5711
2556 6830
9976 5832
8173 8490
5015 8937
3463 9732
4321 4290
618 1804
9302 4807
9711 6025
1536 5614
6162 7496
1361 4221
412 9137
5950 3371
5158 7631
5204 5458
2147 7101
6476 9181
3364 8009
5381 1447
8581 224
3749 3725
5915 5372
3221 9354
8329 5274
7136 4840
8 3221
3435 9624
4825 3266
4168 8560
7205 2670
6920 2344
9823 2017
9762 7375
1973 4486
1219 6072
1015 9336
5711 2133
1574 5494
5295 4660
8509 6072
2861 2933
5529 4233
7219 5161
7432 5419
9687 4955
8785 3181
6399 9737
5656 1939
4513 4466
8570 7107
2060 1305
9872 8423
5785 1736
7759 5568
3678 836
6566 2942
28 4511
2542 891
2615 1936
9120 4003
6841 5393
7722 4820
3620 6890
4634 6733
5573 9883
9347 6998
5270 2267
529 4408
9200 8846
5673 661
9767 9327
4318 869
8667 5817
7529 5228
5633 607
2180 6525
4642 6238
358 256
9880 7232
9344 3950
7651 8317
7503 6987
8800 9327
7754 114
7972 8794
8920 2826
5789 3924
1334 6457
3485 4611
647 483
6892 2185
2539 1312
1909 299
3155 2772
2484 7785
3819 8425
2172 2647
526 7941
6217 4760
7231 2454
7985 9048
944 4024
4900 9440
8623 7248
8164 1373
5565 8175
8527 814
9745 4874
204 7325
6357 3892
8628 4233
1242 6826
1356 906
8276 5735
3961 2872
4192 2567
9439 5140
1153 8751
9513 9166
985 3869
3226 5889
614 1102
4357 8919
114 847
6740 5735
2712 6208
8109 187
4805 1290
2560 8254
8331 7546
666 3033
6450 4961
7520 5438
6294 7535
7563 6625
961 6866
4890 7369
7315 4094
5738 6321
5919 5144
9614 3146
1668 9183
7594 6461
5969 1572
6290 1163
7606 6945
6849 2300
784 3246
3859 8034
2990 3541
2500 9809
1082 2947
8760 8673
4282 6164
7659 1686
8455 3652
8788 2545
9132 6341
1840 8593
6507 4239
9579 7419
273 404
1269 7191
5577 9661
1376 6337
3634 9376
9488 163
6715 1431
5123 3222
5347 371
8559 3424
8165 5931
7818 976
9913 8937
7943 2527
460 5631
1132 5251
2752 2465
5614 8175
8264 6897
8936 9536
4521 9311
5560 339
7359 784
1000 4915
4707 2775
1408 9730
1914 1511
4494 8685
215 6650
3754 1792
1997 6351
783 2316
1630 8122
2362 8241
4322 4527
1950 3208
1154 9823
3306 1643
5501 9260
5504 2289
1644 3658
5491 3920
3021 714
2897 7101
5196 6187
1752 1193
8639 5023
4444 5605
5006 4601
378 9835
2648 7271
1970 1497
1697 5543
1264 7445
1342 3956
327 1324
5525 6565
5750 9991
7353 1117
5955 9889
6234 1621
8714 7623
6834 4172
5328 6967
2024 8580
8324 1334
4060 9457
8675 802
2537 9461
3238 6508
1207 87
1083 6678
520 1049
1133 7584
5398 6659
8478 6401
6624 4030
9825 398
6836 7131
8521 5331
1075 9973
3732 6116
3013 6953
7361 3253
374 2244
5913 154
7045 9665
2812 3110
429 1036
5249 174
8671 9798
5247 1407
4456 2450
616 9612
9457 6
7365 3363
5954 969
7124 4809
5723 2773
782 3915
4964 8897
6958 8709
4983 191
2493 9338
9773 3783
6111 8771
8097 4654
5964 9095
7366 4925
2298 6564
1061 7354
7908 5827
2331 4642
3370 5
7960 7385
5813 2318
3930 1957
6650 2121
1821 9904
5521 5371
7016 9518
9530 6327
9188 7750
6575 329
4972 4505
5945 9430
3860 7248
8632 7431
2187 8100
2318 8065
7950 3798
9554 7800
8533 7021
3032 1314
6131 9569
7477 7932
7838 8174
8995 3363
3535 7618
9296 6436
3549 9688
1817 9854
6050 5977
7320 7391
5238 4225
5291 4403
534 5968
8343 8403
6331 9122
2553 8094
2569 6719
5787 5352
5983 6788
2954 3190
8823 3022
7521 6867
5625 1556
2695 6930
6160 3551
6398 9201
3086 916
9675 6634
8736 9120
2132 3600
9011 6796
4990 926
7253 8393
7939 4793
7585 8537
7794 1044
1405 208
1314 7901
3288 3309
3742 3975
9564 2636
7532 9191
9920 354
2969 6169
5108 5257
5447 9425
1432 5563
7164 1009
1803 1071
2198 5778
8960 3393
3263 7476
6083 9837
6528 7489
9766 4466
5385 2255
1610 9073
5330 707
6971 3156
9672 8309
5536 1665
5726 2751
6478 1802
7613 2112
1078 7154
5101 1280
7412 5397
4140 5266
5380 2305
8998 2555
5399 775
6705 8010
2867 1822
7566 3127
654 3014
4445 6961
9356 1382
644 3906
688 3589
7733 739
7681 4243
3294 7799
964 3886
6109 1680
4619 1445
2293 7316
1946 9965
2163 9165
9128 5118
9721 1215
8865 8206
8686 8134
1838 4702
824 9583
8917 1308
8707 9870
2350 2751
3080 9730
2594 1594
11 1317
4362 4738
7429 3163
5492 6614
4278 3029
4433 2317
3144 2087
5749 5736
4843 1790
5741 4997
3737 4388
4712 4451
3606 1178
2755 908
5131 9171
6279 4390
5484 1873
9889 3704
6173 4800
7753 3354
6274 3024
2893 4711
5810 9498
768 6835
5760 253
7762 4665
5127 1512
9336 5558
7371 4011
1387 1327
7047 853
2225 2175
6094 5022
3502 3606
8257 2387
3385 9655
14 4489
7804 5491
7134 7316
8922 5344
3977 3813
3107 3635
51 6871
7713 3437
3875 5471
9531 8386
4253 5870
9194 3765
2082 9173
9427 5559
5207 1898
7445 9802
5783 2346
6979 8590
8145 3411
9173 3157
9035 4748
5047 4080
4412 6837
8861 3528
7958 1268
3483 251
3091 4661
2263 3121
443 6889
1805 2433
3837 874
3636 6067
4650 7794
7945 9301
4666 2759
6712 6557
4966 9481
6549 9459
6869 1798
6574 3528
8033 416
4207 5592
139 155
3519 7939
1562 5997
8167 446
7698 7906
6878 6922
3005 7765
6303 5011
1825 8542
2605 3860
4182 1215
7012 7645
5568 8224
4939 6048
7097 431
1249 4678
6848 5934
7250 2286
6112 7492
5227 7123
4184 9899
90 7348
5246 96
363 1259
1301 8119
1930 4522
9013 6373
2465 5002
7644 7380
5739 8430
3945 7892
127 9180
2154 8970
7085 9786
3676 2529
2551 8701
9771 3579
3713 3284
4417 6972
3503 5852
2489 3499
9220 8151
6030 3733
3910 778
4421 1992
4387 4236
8476 145
4077 9085
1383 6550
6598 880
2107 5710
2658 8839
5578 3510
6777 9654
955 133
3711 9563
5771 3479
1325 4496
1137 5882
3944 1153
6620 4837
2841 2439
9304 3100
4220 972
146 3928
5745 2237
1725 305
4613 7995
6914 1030
3685 1712
4041 6348
3637 8669
2092 53
5263 5108
5377 4512
4997 8503
1809 5324
588 7437
8397 5455
3831 1370
7447 3343
3200 2774
6800 8775
4501 2256
9967 6512
5781 4422
181 2599
2478 9061
8416 2929
7623 1149
6882 1699
8141 8189
6362 1903
40 4584
6586 2427
3541 6736
401 1676
4104 2827
9561 6470
4551 3265
310 6990
4600 5150
1287 7544
7113 3225
3957 69
4239 8579
3008 1873
3336 8372
8353 9225
3440 7429
6485 9622
1176 1428
6855 4338
5990 1467
7291 2900
5145 8802
4839 2644
8020 9241
2760 6107
5256 8444
804 925
6377 4744
7066 1668
213 7212
648 4145
3952 1939
7872 8586
5544 7912
3983 5731
7596 5008
4882 7712
1785 8520
3901 3515
9677 1051
4152 2201
63 3474
968 8086
1002 1102
7667 1790
4472 9850
5581 2117
8807 1033
2538 4124
9009 8502
124 8354
6458 9022
7959 6446
4440 6623
1364 3368
5431 2493
671 2920
5240 1714
7896 3824
762 6872
3577 2640
3894 6061
6333 246
1543 7014
9387 6129
9261 4614
2851 8564
6495 4744
7506 9387
8905 9094
3179 5723
5133 2745
5159 5829
7032 5166
1945 4175
5805 2067
6899 3952
280 8208
2958 1383
2482 8968
7803 6597
4022 2742
2456 9465
2494 3654
3818 9541
2237 4476
7395 6208
5490 7865
3069 3909
6479 8567
8047 8130
1304 6573
761 5190
8183 5194
2731 9208
9342 3205
9100 8615
2189 7274
6516 5981
7190 5755
2703 2369
8294 6006
757 6697
3544 6073
7064 7472
7061 3517
5872 6081
8347 1995
6416 8595
1011 9057
5068 8812
2968 8807
7751 8122
5261 4330
1956 7521
7197 7933
8068 3738
8175 2319
708 3771
8415 2908
1077 5180
4265 7756
2785 6484
2115 4696
3804 6147
3178 7455
6576 6004
9961 6030
724 9697
9741 9928
3395 5315
2124 967
7655 4269
2300 6277
6041 1022
1628 9868
810 8058
1673 3072
4516 1388
8057 632
3635 4009
1378 9254
6118 103
4722 2399
4796 5462
3353 5284
9366 1522
6525 5894
3825 1741
3662 4235
5368 4575
9943 8966
6475 140
9034 2386
9699 5030
463 8446
94 1902
9997 3374
2959 2465
8579 7416
1362 8089
4233 3823
873 6122
6630 3263
5824 7408
7665 4213
6170 9264
7266 7505
2526 5785
3597 9825
4364 8012
4275 872
8932 1612
3869 4110
4391 6813
3389 1856
2824 6127
7454 4396
634 6853
5121 3905
1375 5727
8349 6034
8038 3898
8244 3351
2666 3588
2131 654
4826 9419
6210 7586
9682 9181
6839 2778
6924 7528
8551 7241
4258 2096
2911 471
8261 2123
3120 6695
596 8831
2201 5629
9475 2739
6728 3184
3554 3924
5142 6551
8214 2935
2856 9888
4217 9277
317 8987
471 5465
9887 2582
1338 6073
2659 3506
7709 1204
5571 1954
3340 8918
5219 44
9031 1962
1811 5077
1485 1130
8303 7345
6166 3664
6984 2021
3468 4983
4178 9538
4356 1172
2980 9605
7700 5533
5500 3711
2220 7979
1235 1860
1911 2965
7957 7107
8140 8672
9539 8862
1915 9612
175 517
3168 1583
7642 5216
6886 8978
425 4264
3941 4194
6204 8223
6531 7983
2229 7889
1072 6848
1465 6969
8712 5043
3197 4900
3403 7918
2221 9817
7622 8967
2016 7204
2675 4908
7830 9969
4938 6633
2351 5083
3318 2726
5235 6600
8754 145
5090 4107
5984 2016
8956 4797
3505 2989
4770 4917
8758 8276
639 9603
1290 1838
1759 8639
2995 510
5978 9805
75 9077
5275 1599
2962 6669
3087 6647
8311 9763
9544 6988
1294 280
1801 1723
1400 3689
6707 1901
9876 9450
720 4526
2081 8487
5899 2206
5705 1370
9856 140
6976 1306
9623 1320
6260 4838
2422 1082
4065 8989
85 2751
6897 2531
2311 1935
9526 9259
7154 9175
6640 1130
7330 7482
6091 1283
9688 2881
1572 7937
8642 521
531 1029
4810 1669
8616 8647
6048 3848
3357 903
6183 1522
4859 7938
2697 246
672 7153
9742 6464
2352 9926
1989 5128
9470 8633
4453 4375
7471 8961
3552 5936
8728 5820
9608 3814
7635 7766
2239 2263
3455 1808
263 368
1943 6183
9788 5295
7579 3723
564 5497
826 685
967 9799
8396 7683
9949 4661
8230 1219
1118 8059
3265 3493
8469 2445
5323 2291
9101 958
8726 5148
5809 3746
1494 5293
2721 7035
1538 4582
896 7979
1363 4981
3738 3193
4956 6403
8625 7421
674 6397
4127 9390
3867 3963
1897 1096
869 4568
1711 7779
1033 6022
9045 4062
3115 5584
1149 1558
9196 6859
3117 1174
2200 1201
5336 7529
2167 3174
3486 6443
4314 7739
6536 6436
6555 1697
2402 7312
4128 1095
5630 7687
9725 8524
6268 9513
604 2993
5688 3330
756 7708
2930 3862
483 8762
3261 7443
7572 735
5472 3200
1357 2854
5696 7078
7283 3605
2162 4443
6894 8545
8401 7861
4892 9986
6297 1554
8512 1308
3334 2286
2548 4563
1523 2176
4464 9377
3716 7768
6147 4518
8337 9945
242 103
2411 2835
7923 8808
2358 9924
2603 910
1227 4753
3739 3047
276 1253
7650 3011
3199 7397
829 7575
9289 1884
3760 648
9525 3394
8615 1021
7248 3157
1323 5488
4074 6874
9074 6602
8399 9410
390 327
6106 447
2419 4981
6895 3437
1335 192
9948 3641
7602 6063
4694 1073
7223 5818
1499 7389
9171 951
6738 9171
7856 6386
9944 3524
7510 5015
7456 2435
8382 1047
7725 8421
5420 1120
4353 5236
6346 7535
3245 2988
9940 5907
8107 9739
8273 3098
8105 5858
6754 8972
3588 1791
1782 5717
4311 7160
1705 297
9187 2988
6788 3165
3300 941
8243 3426
6527 1201
5956 841
2394 5828
950 4165
3884 8530
7805 1612
6417 5474
4943 4208
6832 8074
7380 2414
2322 1657
9195 3372
7692 5292
6095 8158
1095 850
6906 7763
1894 6243
1092 8157
9761 6065
1741 7996
2739 1587
2022 4032
5754 2478
7988 6355
6587 9911
6698 2527
7962 3692
7475 935
3053 906
4703 9041
2036 9823
8600 551
6709 504
6565 387
3415 7162
2729 8759
745 1184
5691 1300
3904 7791
6015 3321
9288 8551
1183 2515
1145 4695
4732 4029
9349 2023
6054 7694
5152 1934
5478 1812
5476 6699
3301 9675
7397 1274
9757 9806
9451 4408
7423 1864
7851 243
4612 3867
3031 2590
8161 9849
5931 1088
6128 1190
3684 6023
587 124
1276 4466
4118 596
5434 2362
1125 7434
6584 8419
2238 5217
7383 3396
2076 7140
4379 819
164 9793
2505 6843
7558 1201
8653 4593
1468 6553
502 8104
5995 1848
6959 9419
249 4606
8160 8236
2360 6071
7465 357
1693 297
9662 3300
4365 2469
4123 7567
3579 9088
9631 3040
7058 4752
4382 249
9891 1069
9958 5841
5488 7853
3291 7598
408 8301
4045 885
3558 3827
1466 4426
2413 9528
6171 9327
2169 8121
2185 1475
2342 3092
4139 7556
2687 5406
2783 5669
9159 5763
4262 3939
6409 9915
4573 7959
4782 7279
914 2544
5034 3718
8608 1089
6718 5217
6876 5773
5111 5478
2981 5546
370 9970
1754 3114
1254 9135
2434 5922
2029 2247
3116 643
4448 6728
3046 1351
136 6444
907 9472
9378 6255
8259 8294
7160 126
8411 1387
5317 7771
1395 8406
8975 6635
9291 2646
4109 9246
5862 7095
7569 4945
2651 1908
8828 2794
6062 5763
1427 2413
5828 6426
3547 1918
2853 7501
558 3341
70 2209
4165 7584
8158 1353
4792 3919
8849 340
8146 3803
2586 333
2027 310
5851 9759
4426 8163
5035 1730
5547 5284
4950 2786
3305 4027
2642 6024
3124 1174
1974 3952
9096 691
4793 6503
8895 3695
8673 3207
339 5823
6284 4885
8036 1190
7857 5270
7046 2213
7778 2230
4371 4773
1559 397
9991 6147
5331 6702
6660 5469
1882 7828
6312 1815
9610 2369
548 3996
3767 392
1566 2245
4198 8095
1274 2748
8550 4193
5911 5107
9278 1899
7473 7625
2291 9039
9374 4750
7019 5847
5197 807
3564 8443
335 2386
2977 6300
4095 546
8096 2719
9129 3494
6867 8165
9650 4876
4246 696
6367 9661
7140 4564
8058 8591
7286 1623
3887 377
9077 6835
6814 5641
9258 954
4953 441
8449 8988
8574 7091
5070 1585
5885 3473
2683 3970
8041 2790
8921 5291
3986 5187
8993 73
4601 226
9193 9167
9326 88
6884 7290
4636 8975
7118 671
8585 8129
2260 1250
6256 2385
833 610
6108 5045
1561 4135
6550 7242
1101 3867
4955 6221
777 9605
3118 2719
4297 5338
2733 378
7260 3166
9431 2047
2515 400
5842 3414
340 1287
6099 7413
7198 5871
4576 9815
5914 7244
7370 988
8698 2874
2691 640
1076 6165
8381 432
2782 2809
8054 4970
4235 8028
3216 293
5078 6008
5424 3513
8911 4460
5028 3103
5795 8146
6695 5098
8669 7480
8648 1855
7420 6467
4327 7996
8289 1063
9207 3216
3968 1337
5318 4261
3299 7214
5513 8190
9310 1113
6069 765
364 6952
8238 5729
4023 7261
4844 1702
1124 9251
1312 2733
7679 6684
6391 308
3363 7042
3862 3207
7641 7059
3504 4214
8733 9665
7052 8609
7850 9230
9686 3200
2046 2117
8177 1228
4117 8204
3709 7992
7368 6331
4403 5940
1719 5361
5870 395
4457 8387
6405 3884
1288 1489
3795 7372
3267 3261
1607 4934
8352 8560
9645 2893
1106 9231
2946 275
5193 5327
2449 12
2653 931
4559 7156
5310 176
1969 7673
9787 6639
2032 1881
7913 4102
6031 3639
2826 1464
2749 5656
4860 5468
6881 4529
4147 8208
6838 8994
1616 7498
2461 9444
5939 6194
9658 9828
4058 8627
7102 8778
9728 5518
1067 8439
1688 9170
8816 2197
4628 4636
2426 8715
7774 2161
7706 56
6350 1890
1676 1239
9701 5470
8874 7587
6330 9957
8497 6999
493 2507
1578 3238
3242 4446
4491 7155
2707 4805
847 6507
511 7411
369 2308
6581 8730
1684 3554
2847 2204
6636 7260
9445 2520
765 4294
5164 4609
6084 2220
7481 7146
3627 1090
2906 9669
7986 663
5432 3688
4812 7851
1936 5368
9163 2711
3160 8462
4623 4057
713 1101
7470 7978
8310 6330
6383 4991
2166 4144
9515 715
1491 7242
2093 9763
8377 3557
7816 3476
1424 1830
6363 7557
9669 1982
6010 1630
8037 2926
8182 5376
1098 3451
2425 7502
467 7155
7214 6280
6287 9728
2740 2575
6820 6984
4478 4604
7785 441
7735 2685
8927 7856
1861 9526
9369 2178
2974 9429
5826 7721
7307 7636
8610 6523
8690 7205
9862 3526
1205 9444
959 8474
8813 2966
3789 4338
5446 2113
5932 6110
5702 869
5651 2645
2848 6769
2646 7322
1483 9580
9563 4875
2120 3101
5683 294
4560 3168
3296 2038
5099 5139
1896 1374
3278 5009
3237 2177
4991 1044
5982 1160
6231 2263
411 8537
3101 987
7236 3379
7015 3126
5724 5815
5189 8881
3283 4385
7502 6348
653 9617
8602 2525
4980 4210
6739 2499
9510 7050
9404 4461
1041 5440
8049 4045
2281 5805
1008 1486
4605 3920
2492 4828
5245 6434
3329 2808
7880 1830
5599 5052
156 4774
2943 3001
2128 5459
9668 3407
2486 9422
1755 3501
383 6568
6384 7472
3479 1768
6355 7813
41 6616
1346 2064
1527 506
8305 3696
4754 476
6276 7668
2427 8080
1796 1325
990 3534
5003 578
3260 6618
7961 7514
5469 3248
2280 7325
9529 3322
6188 5230
6768 8069
4120 2023
4514 4315
3003 6566
3650 129
5567 4574
3244 3641
1208 7179
2510 5386
4536 7374
3443 3699
566 2085
309 3331
4771 5704
1298 3107
9819 5649
7242 9180
8696 9241
9546 7288
7088 6800
7278 6245
1852 7238
2744 1060
1581 4705
7911 374
3496 4853
9758 5716
7846 6429
7966 6039
9499 6913
4329 8857
8555 9741
8330 2414
2497 7252
8102 9757
2135 8472
4496 9825
9953 7119
2153 935
8171 6173
9217 8070
3095 9102
5780 1381
1266 3589
3638 4390
9092 6331
1108 4495
5075 6232
7719 236
5076 6116
2777 9022
6923 9365
252 5328
7187 4646
8876 4860
9821 1763
6264 7841
8495 6044
8061 334
6104 6671
5564 8644
4106 5251
3152 3991
8155 8908
5244 527
3677 7490
2159 9318
6325 2219
135 4871
2037 7861
3307 5295
2414 875
8265 2368
6288 5695
1283 5217
5837 9208
4776 555
4863 9244
4746 5367
8150 4711
4024 667
7546 3770
6472 8858
989 9979
4784 1428
3132 6070
9091 3975
7580 5886
4004 6186
7300 9045
1886 4817
5126 7501
3698 8400
9216 4624
1862 8940
7841 9780
1475 1929
8407 9842
891 6564
772 6000
1765 6749
1996 7065
4406 683
4875 1764
7878 689
6917 9019
2971 994
8888 6623
9923 6189
6456 4093
3649 5107
5620 6829
5594 819
3694 9377
8103 8309
5906 3743
32 2632
7441 6680
1773 4298
6577 3793
9871 7053
4813 8301
3807 8378
6919 1046
3899 5409
9155 8051
1161 4893
2565 9305
2827 299
9299 4677
9290 8517
528 1261
5346 2906
1624 9449
3776 5857
9667 4121
6622 689
822 3308
7225 5556
7632 6287
8091 5297
6123 7744
6654 3268
6904 8258
3434 3484
4895 6486
9612 2373
5896 5650
3882 1207
8954 692
7625 2479
426 2803
7607 8670
4416 3343
140 1573
7116 7045
953 472
2668 7001
1419 4830
2328 1275
4695 6860
6038 7957
5489 7595
1853 8126
3078 6574
9620 2521
182 2233
294 5701
6004 255
4911 386
7730 1507
222 5568
4806 9934
6509 1376
2038 3704
3225 1687
5045 8988
9592 5675
9484 5851
2015 729
8573 5936
8539 3936
5287 9167
7820 4781
8166 3734
6751 586
4056 9967
2612 826
9093 1168
9480 2471
377 3722
3888 5768
8511 1485
170 5538
7533 8321
385 3818
8270 3745
4273 2415
3772 3683
7775 2849
4061 1608
1045 1181
7008 7140
2355 7815
9332 6653
9407 1727
3390 8223
7364 5757
7275 4746
1409 582
5548 6974
8670 1356
9581 3395
892 3764
8420 3127
7617 329
7946 1113
3368 7017
7428 73
3630 2704
5357 2908
9632 2341
3629 7735
6309 9633
1259 5382
203 3765
3022 2479
5005 6364
7868 330
794 2585
6913 4729
6180 4390
4226 2822
5001 6283
622 1517
3701 7534
1155 2500
7179 1291
8118 3402
7737 2992
2519 32
4290 4526
7119 8049
1925 3044
2649 9115
820 6727
5073 2639
5338 6923
690 8643
9642 5798
7575 445
2019 3257
4614 4765
4307 2151
2000 8031
6713 2536
414 7012
9281 3957
2619 410
3110 4305
9206 9027
1443 4514
1865 1944
9197 6907
8350 2569
1162 5764
4475 6321
8851 9639
2732 1642
6680 2265
3821 5008
7239 4525
7408 9272
3568 9347
640 111
6532 1744
6727 785
7708 3742
1786 3888
9813 5313
106 9266
8688 1274
8492 9781
9398 4003
7161 603
7202 3805
2806 1089
730 6698
9209 2043
6387 8075
2833 3420
7305 5949
5036 5519
8702 4287
5232 2926
3295 6152
6734 9575
4664 6556
6056 8964
2335 6833
1900 798
5746 6893
384 4659
5833 1931
7494 2752
4795 848
8710 3369
8591 6496
7146 5100
6813 8910
1379 2277
7341 6706
128 1271
7536 6187
2307 8915
1330 4484
7261 474
278 4116
6090 4580
3499 8972
4487 1147
555 4709
8664 3911
7137 6655
8398 309
1694 9740
7760 5253
5958 5173
8769 8140
1612 3316
10 3411
1140 3569
1099 7378
9440 9717
7963 3217
55 3600
2009 2103
7211 3678
9481 9615
5901 8777
4334 1233
6307 2092
6741 4071
36 4842
8390 5797
4443 9581
1601 7931
1398 3087
2502 5491
9576 6488
6198 2372
2727 832
9372 9544
6194 5597
2816 3650
4979 7505
5280 2107
9057 5050
7697 3597
2186 865
983 6935
379 9904
4366 5444
3763 1393
2975 600
1734 2304
7699 8302
6573 4105
1966 5204
6093 6538
1199 6158
6889 6274
3142 8239
1388 1558
8933 4572
9886 9129
5966 6354
2114 4246
2190 4972
7941 5914
4689 661
8794 9478
4234 3817
6193 1963
4774 2215
1397 317
3768 2521
9 5840
5259 4329
9952 8911
1284 2558
6042 516
2111 7853
832 3600
8638 4118
1229 9095
5948 9257
6850 5061
8887 9446
1128 3949
6184 9660
5619 6458
928 1015
7226 2856
1057 627
6954 5432
2428 4007
5258 6069
6344 6
4066 7441
1085 8412
7815 7300
9113 7966
4948 3370
1555 5244
9984 7677
4001 8176
8042 8788
4029 6492
7039 7016
3542 243
2928 2343
771 9623
7688 8813
9292 7923
6151 1551
6364 9901
3035 718
3591 2836
5162 5716
102 2147
3791 4007
4777 3587
445 2188
8045 762
4025 8094
7078 8670
5636 6968
2748 5601
7396 2846
5667 1109
9552 8940
8837 2072
6058 8807
8868 6394
8860 8017
2793 3292
8075 8173
4094 2784
1079 99
3183 5135
545 353
2504 9965
2396 5840
1393 9916
5122 7213
6248 9839
6271 4021
5707 9050
815 6589
8746 6280
2006 4543
472 8160
2637 3836
9810 5254
6389 3512
7335 1383
1295 637
2041 4677
996 4247
6535 5104
8803 6830
8323 4553
9179 9207
4690 6389
6195 1072
7582 7769
7079 6579
283 5585
6593 5671
5109 4364
9294 1858
225 7954
1609 5522
6074 3455
2170 9985
6701 1076
4705 1503
6828 9286
5775 7765
4394 4537
311 28
4733 975
6103 8187
6737 9905
8718 2815
1281 1200
3050 8502
1500 5839
2064 5091
7592 5545
8768 3743
2685 1649
3112 3981
4517 8960
707 7303
4292 4695
597 3962
260 1634
628 5293
4449 2066
1528 6237
5050 8735
7562 4409
8299 5449
4129 5086
4460 1922
6246 8343
8313 2802
1088 6520
1236 4642
4096 3701
7105 2464
7860 7704
152 4006
3356 3170
4768 9695
5309 1441
2100 3806
3290 7899
5185 4885
8682 4842
6233 357
2148 5064
5242 4906
9520 7375
6682 9304
1097 9367
6935 7632
8069 6864
8277 8780
763 8353
2838 3076
5157 6749
9956 2773
2750 6539
7425 3306
6970 8330
5062 2697
3010 488
9802 683
1917 7668
4579 9507
2616 6449
7130 7936
7149 8361
6427 8017
9575 5515
4351 9702
4260 2259
7299 9501
3375 5924
9897 3865
6798 2886
8148 318
6673 2263
4928 2095
1043 6312
8021 1371
7603 8596
3991 222
1994 1820
8597 713
8889 2817
7084 6655
5002 9054
6089 3708
3960 7615
4778 2501
7690 9834
1901 4991
2266 5690
5530 4485
3615 2084
1778 9612
6024 2081
3885 9240
220 8517
2341 817
4089 4857
2593 5624
2607 7949
3459 9606
3123 6146
3966 4745
6283 6893
5592 9892
9303 9023
5419 9282
186 5012
4603 7768
5382 3853
942 947
6313 971
9385 6503
1051 2622
6197 9802
7167 4340
1020 5546
1381 4076
9272 3666
490 5700
3675 1796
4203 4383
5976 8915
693 7757
7897 8587
7276 2850
9922 3020
2369 180
7150 2752
8234 790
6189 883
1760 8906
3423 9018
8672 7910
8958 6194
9414 7308
3792 8345
5053 5171
7153 2702
253 370
3829 3967
2575 8007
1370 9668
6040 6518
8705 437
3976 24
1573 8662
3173 8492
2503 178
3919 6287
108 2244
3886 5024
2130 7333
1481 8549
2802 4554
3054 4372
6780 6556
9147 6277
5400 4004
8976 8875
2765 5447
4989 7368
5532 8790
9157 470
9382 4988
6774 7189
3030 5682
4452 3095
6544 539
4266 3842
7252 4178
5192 90
4313 8669
6980 5866
1170 3230
8761 3432
3330 6706
8839 3566
3209 8153
4256 916
5463 129
1452 5188
7442 9896
1534 8467
298 8488
3098 1973
2499 7371
2349 691
716 7024
7549 4939
7899 525
6806 3477
9368 915
7372 1304
5361 6568
5957 4761
4615 9036
6496 8810
5187 2719
9989 8329
3812 856
6714 1644
5116 5572
5988 3220
2175 5959
2647 9781
6938 2876
9223 5916
831 7816
234 9695
8724 9058
5113 7387
4355 7000
5559 6890
1049 8634
7074 1107
993 6577
9087 8744
4638 8540
606 4109
5445 6601
9061 9573
8566 8811
9789 3915
7181 6729
3956 377
3800 5188
394 5679
3289 4467
495 6138
6068 6041
636 1859
6280 1099
3639 1779
5437 2558
7048 7127
3827 9692
4781 5904
1876 2136
6811 427
7321 5858
7332 7396
3593 6341
6755 8405
3661 8071
1265 2729
3719 329
299 3964
8556 8761
6538 6204
8564 311
1299 3842
2774 2873
6805 7080
8962 6747
6874 6255
7501 6325
5150 5091
4396 2226
4769 1459
5374 8366
8867 9736
8002 9518
9137 3404
5138 9270
74 1087
7616 9887
4113 495
7087 126
2725 4692
1999 1736
9502 9975
2382 6087
3352 2713
5209 5780
9036 2984
1993 1536
7195 2969
7750 5362
9646 5668
7251 2931
6348 2301
731 3405
7817 955
4589 8102
4108 1111
8301 6302
8180 1426
4886 5946
7628 4587
8852 1301
957 3576
9864 8031
5861 7601
3362 6193
9684 2397
2234 3044
8649 7803
1492 7650
5753 488
7892 7705
3252 3595
2678 1333
4525 2744
3513 5981
1967 2909
2389 5254
8194 1869
8937 1482
7548 3002
4114 5936
3202 6451
8156 4291
9718 5397
1884 6931
9501 2939
9417 7676
9003 5628
9111 2633
2720 1472
300 5495
115 6688
9869 1945
7802 5836
8372 2462
313 9057
8683 4933
3445 6711
6494 5114
304 8847
7108 3228
1213 7493
6524 6899
4936 9028
6239 4406
492 287
2031 4929
465 5967
4473 8145
9797 5169
8780 5085
4872 5059
3525 6809
8502 5480
1557 3360
8592 2171
3175 7625
3467 5959
4223 8690
6343 6021
3444 5941
9496 4032
3574 6841
4332 5262
2801 6309
5543 7631
4296 706
3254 9818
7912 9794
3249 3719
8853 9342
7384 8395
1891 714
8133 615
137 8967
8187 1676
7191 6048
2368 6656
3578 7086
2218 2442
8630 5044
9477 2889
17 3696
4427 4794
662 4213
5640 1706
7327 810
5114 5899
6144 3405
4884 5408
3210 8717
4862 6940
6059 7982
921 9349
1613 7201
1699 5129
8756 7885
2464 186
4368 3787
4430 3274
5464 3548
6316 2261
4659 4408
851 9818
9625 4662
6972 8656
3668 4369
6071 2806
138 7304
2600 5892
5044 647
9491 3451
2994 4567
6255 8969
18 7719
56 8499
4395 8685
7206 4148
7768 5197
7780 4740
8400 3999
6655 5229
1521 9747
4012 6672
318 4879
3169 4977
4381 9558
4420 6655
6760 8782
828 2708
3469 6099
9019 7929
9902 4494
2770 1875
4485 2767
5241 1103
1480 8947
3298 9381
3565 9523
1696 4856
9086 26
9663 6239
3982 9680
919 6956
7496 624
4941 2428
9464 3167
9516 3112
9300 3628
1194 3286
9569 7351
7216 2337
9566 3211
4973 5639
1932 5317
6791 3483
1888 6421
6590 5484
2533 3148
5054 3339
7340 5992
551 7224
9691 9236
7906 1181
525 9568
1384 5693
2925 8913
3909 1208
8650 8851
3563 9988
8190 9784
7712 220
4701 7873
1638 7461
6201 9596
1977 3290
9142 8030
7736 3375
9176 8492
5016 5891
521 7427
6155 2228
6629 7016
86 6819
4916 714
10000 5931
7511 968
9471 7256
3596 9275
9001 4348
6396 7644
7139 7075
3236 7790
7621 2431
8560 5731
2090 5592
6044 6344
9365 6360
415 9603
2084 2275
742 531
2020 187
2947 1613
2592 5203
8916 5326
2769 5311
9185 9652
2219 7926
2122 6231
7812 606
5671 5333
933 1273
9064 8361
5397 4906
87 5121
5311 1023
8356 8141
2226 7185
5793 7127
7523 7348
1834 1359
6120 4205
2667 1344
1442 8012
689 2635
7601 8671
9359 5275
7796 2113
7354 7821
4639 1817
2809 4298
6763 1043
2518 7984
5584 2964
5205 9816
4947 131
1844 4192
133 47
6998 8858
9325 7567
1255 7422
6993 123
1189 7039
1169 9968
1260 3282
5591 7122
6444 5359
6390 9554
5583 5653
4755 1010
8968 2308
4107 5511
7249 4660
3924 3401
9753 6830
1576 9186
6052 7077
1591 4701
9848 6847
505 2778
5855 8293
2829 6332
9665 5070
5981 7702
5313 796
2039 2796
4048 6582
7246 8928
5734 3698
3611 6871
6711 7656
5716 5666
8786 4319
8796 6077
2097 6538
9307 9572
8790 7146
7825 6494
5522 884
8072 5725
4383 3404
539 9621
6844 4819
2564 6098
4598 6036
8440 3901
3680 3315
3702 1072
9495 1739
3377 5456
5349 6941
1710 6572
2875 6041
8124 2392
9273 5892
1829 7476
4126 4262
696 3592
7683 465
1775 7154
9828 7317
8456 5345
4808 3262
5422 1250
1567 4153
4520 1015
6177 5309
6242 6454
5552 4189
2370 1714
7600 5324
1733 8296
6627 4744
2211 3350
7294 2570
4082 4852
5821 9772
3539 5703
9150 8245
5406 8902
8274 8260
2882 4923
7757 4607
5996 6618
637 1891
53 9247
7702 3281
1039 949
7021 4680
1789 8669
8363 1763
9709 4211
4945 6909
7310 6087
3067 8028
6765 2532
6619 9508
2416 7594
4124 4474
2522 5507
7171 3171
4338 7919
4775 4463
6473 4139
5257 7109
3066 4058
2439 5020
2745 2628
2674 1154
8918 4003
3198 2325
7328 5325
3512 8936
1474 1100
5428 5286
153 873
2104 8846
589 7846
9532 7577
4361 7578
4187 1700
7143 7677
3699 5147
16 7275
4228 3271
9033 6777
93 7558
1706 2728
1167 1183
7104 7817
4871 106
3191 41
7863 4912
2850 3996
1047 2839
2480 522
6262 5636
5407 737
3401 7881
4157 6849
246 5813
848 6491
2590 3778
7200 2058
3786 4057
3927 4264
1192 5453
4606 8930
1256 603
6487 1274
8749 7238
8596 9716
8706 6694
8092 550
9759 5385
9547 8048
7934 7445
8982 1439
5371 3670
5621 8458
939 2337
1291 6065
9854 9308
3997 9882
4617 7355
9522 5644
9534 7938
817 7812
2457 7228
2797 125
4232 6514
5555 6274
4954 3637
3653 6831
8999 9002
8589 5985
9873 4970
8738 2164
6503 9558
2098 275
1948 4401
1715 788
5211 6677
1770 1869
5269 3844
9151 1503
7467 942
987 8525
4868 3123
6766 9976
356 9988
999 6682
485 4234
7556 5233
3325 9895
3840 738
5442 7529
3721 5004
2460 2806
2192 4817
4759 4622
5237 4153
3458 4068
3656 2196
7914 5275
8285 2983
6125 4151
2388 8744
5080 4861
2325 7660
6786 1722
3932 5112
6965 7214
5921 475
147 3541
2134 1849
7410 4183
2367 6532
3514 1306
6747 9281
9199 1707
5294 1232
1603 3879
3328 6330
4215 6269
4575 6150
9969 8349
5074 6673
3868 2071
3969 9803
3344 2391
9779 6023
9247 5101
6943 912
9595 7082
5678 4482
1024 6214
8004 4683
633 1214
7647 2206
3346 6383
9213 1530
6802 1918
5703 7059
2587 9430
687 9418
4081 9943
1987 586
8370 930
9517 2247
2601 2091
6420 6335
8629 1249
2054 9983
2606 143
7949 3516
7675 5643
4597 8845
130 9581
5539 2236
7099 3376
2786 1096
8288 1301
5706 2946
9851 1691
4561 271
7151 1044
7336 6325
913 788
4250 7441
3657 8686
4557 7498
1156 5665
5972 6464
6854 1626
6017 7065
2475 1047
8603 2006
8132 5341
5634 9567
6484 6442
316 955
6647 3434
6981 7624
3167 7865
1979 2205
9811 8149
76 650
2982 2538
6693 1466
3655 3540
9536 2056
7633 3056
3140 3031
3708 3483
5808 9088
4010 3329
5643 5569
3642 3215
284 2706
3980 4306
6685 1494
3949 356
4942 2174
6023 4955
1744 3394
8748 5110
8835 8600
1986 357
9639 6159
5056 6289
7363 1469
3316 2226
5875 2585
7309 1194
3243 4378
2222 4060
5784 8249
8423 7015
1650 2852
9833 754
4252 1105
2986 893
1779 9888
8477 8509
9661 9002
1186 6258
4323 4233
7436 5685
6463 5166
9038 1750
841 8002
109 9533
4562 9966
7333 4377
8842 2636
1175 1478
9801 9667
3761 3779
5069 5904
6842 3697
9283 6643
5151 3860
8120 7350
849 861
354 4636
7832 3804
6658 4049
3186 4233
2557 338
6081 5870
6513 183
7448 4716
1827 6890
5925 8477
827 2328
6518 3173
7852 6681
5844 6965
2361 9189
5253 3011
7098 3671
1086 1575
6926 7093
4163 7997
7324 9659
272 8060
79 2214
8750 5046
2443 43
8115 5825
6266 1168
3712 4286
5110 9770
4924 1582
3720 5022
1445 469
4390 1698
8346 8401
975 1223
5141 8401
536 1455
8064 267
38 8396
9697 6961
1814 3696
8805 8247
9160 5322
4677 9920
5375 8867
4891 507
8742 6067
7183 8821
9107 1235
8278 8604
3726 6098
2552 9283
5233 9977
8326 499
6691 3048
3950 1957
400 4483
9817 854
1651 3422
6862 1419
6206 8931
9434 4432
66 9409
1729 2483
4450 4181
9032 5905
9785 6272
1905 4672
2282 9703
5947 1985
9906 1512
7308 5760
1975 4966
9386 8149
9664 2871
3623 9862
7485 1203
3710 6392
715 9099
8818 6131
1437 1941
1389 9413
7222 9479
1545 8041
4380 6892
2224 3271
3585 5175
9803 457
5902 1667
3645 6822
6046 4041
7352 7468
2832 9366
5505 7605
9939 6391
7924 7907
1800 3030
7895 27
5473 5046
5019 8147
6769 2795
7355 6293
7450 8532
1071 4207
2215 9697
8359 6857
3009 2010
2347 3301
9286 5181
613 421
6446 33
6597 5840
8595 6939
9235 1223
9437 326
6941 5642
5125 2707
4643 3691
609 3375
5451 6375
4044 838
3096 5673
187 8162
3076 2080
7049 7478
1063 6071
8046 2088
4837 2952
3889 6668
4679 6780
8774 6217
8300 6245
4721 1446
4092 194
341 1165
6435 151
2676 2494
5951 8062
4726 9772
6864 5199
5092 5209
9671 8720
5271 8116
9493 5136
8554 6094
3324 6024
2403 8751
3877 3510
1859 1567
1044 2642
8540 7421
8315 6391
5366 8029
237 4766
2873 5830
9838 5428
9736 9785
4076 2867
6213 3100
6726 9179
6789 8601
5170 9293
4073 6258
9593 9108
1669 5256
916 2766
9461 2761
9740 482
9056 3324
8437 2446
1038 6530
1742 2468
5395 316
7677 4594
2997 114
6504 143
9469 7891
7921 1601
4468 3661
454 6533
8152 1698
8375 3971
5631 9366
8723 4799
7491 580
9275 9766
5388 8083
5497 7171
8067 5386
7280 9
5802 9113
2710 1307
8078 9768
5507 8891
5396 4985
603 8051
6214 3159
3917 1297
8113 62
4584 5400
6585 2211
4741 2427
5340 619
4505 6800
2819 1468
9712 4866
3154 6203
4537 9055
7884 2750
197 5046
3002 5118
7940 1474
7243 7817
7809 8013
6269 7925
1190 7630
8117 3459
9073 8267
1164 9260
6440 8775
6967 4625
8729 3534
9503 1691
8254 5149
9895 564
8804 2045
9519 8056
8840 2569
9818 9479
5930 5828
9401 4125
9901 8453
2571 6444
3562 8032
1635 5704
4894 8415
790 4285
2523 7022
9146 9576
2364 2304
3846 9742
8392 7809
6339 1648
5011 3763
3230 7248
1382 6536
8627 3085
8721 9395
1029 4864
4821 8314
2762 8829
6370 5806
7547 7333
1938 2007
3973 422
4021 1183
8389 8323
1761 7472
6617 8931
5085 9463
2070 2861
142 9162
9049 9686
2490 9362
2935 9609
4931 855
6548 1498
200 3467
7100 2081
3223 2397
3106 7935
5061 8027
2554 4790
5415 9693
7653 4479
7987 5876
8425 6432
7165 4447
2067 2943
4498 46
7474 4543
8357 3664
2249 7630
1053 8605
305 9704
860 2040
8877 8580
6251 2604
214 5073
5540 6641
9556 921
8856 7558
8098 4670
7035 3475
8237 9573
7871 5440
2536 9365
5342 1874
6352 1727
1349 5189
7106 4454
6776 7802
5841 4399
6205 6513
5836 4593
9388 8349
5229 4940
8089 7694
6703 9984
6668 4993
934 7836
3345 4196
5184 151
8506 1423
4268 9672
6460 7461
651 9993
4205 5353
5186 5228
5332 2596
3302 6509
193 7313
1127 8490
2516 578
9507 9829
2346 2833
1971 816
6681 9710
9095 3256
6558 3507
4270 4815
4116 2228
7990 1390
6835 514
9392 6662
2001 8031
2156 1585
7553 7709
7624 3673
2610 2514
3700 359
7883 591
4553 967
361 7307
2123 750
1017 1043
2864 2236
2193 6288
2241 2457
6159 7601
3207 2622
3715 9298
422 8600
8514 3935
798 8987
9505 6862
1318 8973
404 1110
2640 8461
2117 9678
7932 4710
3714 212
7237 6524
3366 9339
6092 4539
735 26
7345 4663
9266 921
3453 6958
5642 6686
6178 6610
4913 9604
4749 2141
174 5898
50 7702
4672 3143
266 2402
2632 5482
1196 9228
1496 7581
8480 631
8239 1745
6603 742
5572 7719
9139 5193
2129 6309
3323 4950
5440 6270
2152 3134
9075 3588
1870 5187
960 6898
4245 7343
9181 5655
3436 2116
2400 9785
8892 3697
4378 2929
5155 744
5658 7437
9060 3807
4212 539
1040 3711
3475 3946
3284 9619
7329 5599
6635 2087
9855 6011
3099 8654
6459 202
6088 6760
7981 7621
8992 6521
1396 4083
1243 6989
6983 9207
8463 4810
8250 577
8281 6917
2810 3768
3208 265
3707 7003
9487 4525
8515 7761
5236 9540
3813 3327
3001 8652
6720 4535
2938 287
9327 3788
6735 6620
4206 4185
797 498
9541 2558
6447 3701
584 8503
2891 8376
9560 7318
6968 2814
382 8535
1339 420
4564 1460
3026 8917
803 304
7900 6908
3988 7776
1963 677
9277 2832
2627 3113
2937 3847
2110 9420
1282 3997
538 3933
126 8726
9988 6067
37 8129
8106 6431
1508 4353
7385 6283
513 467
8886 4505
3995 9027
7337 1983
2514 4626
9446 9
8741 4680
6803 3206
7876 2525
2991 9671
9133 7356
8162 8664
9355 3537
2275 756
330 2178
5057 5394
3248 5091
5992 3376
5562 2619
1497 6642
4231 3605
2983 7552
9743 5982
2757 6649
2010 8066
3058 7494
9024 4194
185 8527
5115 5964
241 2017
4801 2711
4864 3681
61 8742
226 8295
8489 4410
7230 416
8181 8763
8328 7718
3790 7734
3286 9466
5563 1027
6326 6376
7073 8660
8040 3051
8206 1326
8572 5392
5468 944
3905 6006
6927 628
4558 8237
9836 8833
8472 5142
3581 7273
3491 1927
7005 51
3511 9475
1815 9536
4929 9826
5622 2879
6043 779
7586 8769
6615 6002
1403 9784
2713 1530
5999 8442
5748 8632
7269 613
4474 2091
620 5115
1583 4900
8898 1994
2772 2515
5466 3077
8709 634
9727 540
3607 3107
303 9976
19 9922
1664 5326
8487 7185
9399 9816
4102 430
5026 9360
5698 6181
7589 3882
981 2908
9183 6474
4040 7267
5668 6180
6425 9154
8174 6873
6664 7127
1026 3285
9506 2176
734 1998
2374 5668
3388 2754
9548 8093
8752 261
1436 8188
1660 1989
7141 4548
2950 5669
6557 2611
8336 9855
8000 3958
6394 7535
177 6607
1171 7435
178 8068
2859 7223
171 7293
9334 4766
4497 603
8668 8755
2136 3984
9637 1385
8854 6876
3548 3108
3947 2994
9965 3312
2050 7639
1461 6687
2375 6139
1807 6654
9014 7553
3762 9086
8251 8211
8340 4450
4103 2928
8268 1192
7262 1838
7947 1100
2058 1915
1091 5590
5383 1317
4963 5001
3962 7895
5089 6753
2843 3210
2270 2010
4075 6575
6026 8030
3417 123
8283 7273
3192 9863
218 8106
7490 5517
5384 7927
6057 5514
3247 7313
9587 2569
7274 3036
9164 6571
7742 5999
6347 3733
1032 7662
9204 1631
6499 8368
3550 2087
2688 4446
5605 7063
1541 216
3041 3545
2736 9261
6209 3790
3450 8467
6282 261
4572 5519
7576 5229
4349 4622
8272 3285
6960 3059
8391 5112
3644 4223
1663 9233
6436 8452
4633 4437
4508 7180
7323 657
6794 8275
9376 5348
9925 137
3090 2522
8766 3868
3400 8829
6833 7880
3523 3341
579 2148
1028 6311
9424 6286
6014 9874
8151 3190
2301 5824
4028 7000
9580 332
5924 4792
8137 5621
9679 3010
9524 3895
7668 7156
8461 296
25 9840
1584 7622
2978 4636
5367 6287
8016 5597
4756 1924
888 9150
5344 7557
6752 6455
1767 8421
6601 7267
8899 6576
2257 991
9865 6836
365 4498
739 180
9055 8875
7433 2919
5120 8613
2722 3617
6114 307
5874 6644
3181 8502
8611 2735
4609 1955
7440 7539
902 9318
799 449
7267 847
397 7090
1771 4481
6415 9554
3194 1561
4604 1827
5148 2996
7199 9646
9670 5734
8435 349
6645 1210
2999 7321
6418 3378
3979 5525
4515 193
1965 2416
6778 8388
8969 5457
8520 6214
3689 9284
336 273
9004 2998
925 9229
5549 7354
5545 8333
2903 428
6526 2264
7155 9434
1513 5319
3240 4593
9136 9024
1736 2465
1246 6349
8017 4081
413 6246
7437 7519
7672 7527
3313 6073
5509 2592
1926 5333
2002 4415
5064 7197
4995 2129
3994 5501
9960 7742
2438 7781
626 8262
9153 6244
3033 2193
3560 503
9412 7950
5439 3580
3666 111
8844 7640
7488 6720
6135 5487
5979 7917
5268 6813
1152 3302
9047 7228
6852 6636
5647 4651
9582 4478
3735 2547
3438 5628
4935 846
8771 5196
4425 7566
9229 5867
9702 2461
7316 6830
3841 7558
5570 2469
4674 5043
8577 5999
678 1626
8719 5131
8168 6825
2609 7926
6022 5150
6402 4749
6356 4969
1685 3603
2671 4786
6154 6000
232 2937
4325 196
8053 9848
9543 6055
2822 5183
2468 4467
1399 3859
6306 8064
1302 2775
8292 1112
7942 6256
9752 5238
7107 1642
973 2948
7462 1916
3156 6705
6545 6026
8838 142
4569 5712
6228 9165
58 1787
7543 4107
6482 2021
6329 8245
5041 5360
6553 3366
898 4863
9212 735
6785 1723
9276 4020
1315 45
5759 9350
4519 5071
9410 1915
9772 2056
1286 8768
3876 3787
4261 3658
7858 2011
843 9615
5117 8531
2939 5573
7028 4524
9985 8176
8055 6789
5493 6672
7608 4549
4740 3189
2699 7474
699 5647
5849 1852
2888 1568
5135 8986
5379 3066
645 4279
2870 6866
6016 8339
3494 5278
5190 8221
5273 3467
524 3399
823 4390
938 6133
1241 8048
1518 6202
9570 1448
7163 7466
5679 7274
807 8623
6250 2104
4401 7112
8986 9485
2910 718
470 9466
1968 5844
9890 4204
5949 5972
6945 8485
2418 3167
3654 3895
8822 8972
4570 9523
8643 6333
4302 9594
6519 5877
1428 6518
2459 2122
5520 6453
4020 9998
6445 7059
2262 3079
4078 9125
7973 3211
9553 9642
9219 6620
5660 8505
9184 1312
3750 224
5889 6135
6879 3489
7377 5887
1365 6466
6212 3410
8217 2822
60 6990
834 7831
6725 4500
3371 3977
7806 6193
3890 3040
8657 6455
8373 9890
4680 3629
5670 6979
5769 8936
1512 6739
1102 9796
2061 2264
4432 1280
9103 9890
510 6126
5891 2255
7148 4885
8996 1043
6156 6948
9942 7311
4080 1105
1869 8556
8227 8671
8213 2688
4160 5671
3431 532
7217 4442
4194 9310
2735 3420
6646 1835
2849 1089
884 4591
3428 7490
1835 9394
3408 9484
4437 7472
4358 1837
500 6178
1746 9997
89 2914
2898 5042
2754 547
6880 1811
2105 7828
5869 9654
2746 1232
7726 348
1530 5886
1962 8073
2453 5270
3164 3588
5143 8565
6488 6680
1058 4603
8447 8248
2834 8660
7691 2230
1221 8567
4169 6841
9102 2330
3348 2279
5288 580
7027 3011
196 5204
5676 9600
5695 1540
4272 9982
6787 766
8130 9448
575 9745
6556 175
7135 1915
343 56
2429 4471
1094 1073
1371 6971
2182 317
9051 3405
5938 8554
3410 2981
2181 6593
1345 2728
2467 61
4263 1807
6952 2606
4177 1253
4527 245
1750 4694
4940 5570
8051 1532
6985 6865
9586 4346
5662 2617
2476 9730
7387 8416
8544 1330
5452 3045
5320 5947
1520 1931
8267 6591
697 3872
7889 2930
9591 4966
978 4520
3816 3167
1860 6527
1763 2111
6580 1168
3553 3987
8218 6561
4830 4243
3350 1357
4968 371
5677 1677
2395 9164
2160 5547
1941 2532
1216 5458
199 5177
4489 6232
864 8238
1793 7502
9863 4808
4240 5001
4059 6462
3594 8133
2545 3803
4671 6598
7875 5107
9611 3791
3342 8122
5575 9160
3386 2393
297 1060
2007 7762
9840 4013
9105 514
5654 2880
6342 1046
5782 8149
3273 4132
9335 3561
7369 4596
5807 4457
7807 1900
6203 6334
3808 298
3967 7207
6826 9626
143 7085
9749 6429
7033 5024
3774 3665
1430 3971
9256 8005
6245 5518
6594 3637
1214 5084
7463 224
7240 6219
9674 5712
8984 3267
4686 9188
6133 2789
3530 2398
3275 8426
92 2628
9618 1616
8622 4395
5289 7706
9498 7093
1923 1002
1187 9148
6314 8424
7516 3806
5904 8571
5819 5945
8641 2555
5166 258
6373 5378
4087 2546
1277 329
8973 6693
578 5482
371 7624
766 855
6315 693
2004 6242
3937 4360
3310 832
3836 1065
8569 1308
5312 7393
1533 7243
3319 1640
6661 7884
9152 3729
2063 7350
7732 5584
8467 5883
9042 7453
6332 4152
3020 3583
9812 6422
9910 1980
392 2758
6520 2293
9678 1099
5666 5080
1117 7493
5788 4465
2034 6839
8486 1019
3092 8675
2294 2123
7597 7243
4946 7838
8005 2071
7025 7582
9512 5089
9562 95
8879 9139
894 8474
5220 7542
1787 5017
1426 1708
7207 8275
5072 6714
2669 8589
5496 2927
2741 4599
7004 5950
9729 5447
8869 5971
8819 9154
7284 5091
4345 1349
7870 552
2945 8479
2818 9793
1340 7277
8442 2176
9959 9529
6216 3269
7455 2875
4923 3049
3279 670
4132 7997
8309 7987
3337 1268
6153 4924
6124 6579
5304 9650
1788 660
3258 9436
7894 584
9573 801
5524 4489
5538 6741
5977 7573
6278 5188
6783 3517
2055 2625
4645 4113
9680 6254
9141 462
6169 406
9242 4225
1441 7814
6471 9610
4221 6603
2392 4931
290 6275
5985 6524
5324 414
2398 6992
2309 4213
7144 9579
5455 5753
9794 6810
6956 320
7646 1943
2471 5584
4902 8150
7293 2666
3062 5011
4711 4240
8655 9103
8676 8961
3083 7002
2488 2354
3416 5809
1122 4224
9607 8077
9651 6246
8695 5941
4008 4766
5024 5493
5456 1587
7499 1250
3482 3349
6182 4340
2813 3140
1476 3396
3233 8029
878 2001
3820 9159
6541 6351
7773 2249
1594 63
5176 6719
4230 1068
4455 2228
1490 8539
4767 5502
5843 2025
546 1093
2886 3211
3660 9505
8947 2129
3897 9192
2686 3363
3878 5854
9226 5061
3012 1527
5202 6712
9816 4944
4920 8262
238 7277
741 3268
1372 9493
5905 8599
3640 3511
4110 6077
4855 6909
2491 297
2455 1901
4566 1942
9346 7608
4652 465
3509 3609
4054 4773
1280 6538
2821 1325
9317 3043
2929 1624
5526 7632
269 8281
7224 4798
2631 1325
4532 6474
911 4126
4470 8881
2259 5019
4219 2415
6161 7340
5510 9202
4804 3245
5943 1099
438 9047
1367 8883
1519 4452
997 2335
4467 1857
1747 9983
9937 382
9935 7135
2596 4006
346 5876
7599 4660
4748 443
1109 1476
3369 7437
6464 3028
6746 4197
7767 7675
391 9485
7162 7245
125 8591
5303 9621
9884 512
3686 3748
4242 4561
3567 2791
2071 834
2756 9636
211 9630
1818 6601
8198 9758
6238 921
8286 4100
7535 1268
4300 151
5230 5290
8443 6021
6824 1470
9482 1204
6652 637
2541 1296
1504 1920
7864 9949
8048 2927
3612 1412
8006 4068
8248 1952
9244 8981
9076 9558
8928 427
3201 9702
3902 2681
8195 2688
3733 9452
8059 6774
3584 5198
3038 2200
9020 382
1579 1065
8651 9604
3409 8765
7347 8606
4343 6603
3456 5202
4783 6799
1006 1090
8110 5862
7068 7863
6388 3800
8558 6372
8605 4525
3935 6941
6677 5923
1495 6532
3746 8027
9063 3450
9511 5955
4370 3989
9313 8465
1168 5454
4397 3545
8232 6680
5823 5389
6498 809
2045 5742
5623 4888
7037 377
3828 5238
6012 303
2021 2600
3125 3142
805 747
6034 2650
6158 8876
95 921
2965 1161
8361 3843
5895 5548
1252 7380
7756 8418
2916 584
6019 5953
2074 2933
7928 6180
3426 1115
8633 7059
9012 5904
8950 9051
9791 5045
3903 4784
8338 168
7235 4761
2751 8021
7976 8492
6973 1417
2781 8865
5119 9664
838 8925
3029 8181
8833 2719
8077 4469
5796 8234
5177 826
230 7335
2101 889
3093 6391
562 6950
3351 9041
7272 2125
2815 706
30 5217
3755 6333
3582 8077
3741 6438
1675 4981
8814 3915
2620 332
5459 8287
7459 7068
3605 5162
7040 3999
4742 2523
9739 515
9180 4594
7265 3277
9066 7992
5756 5072
4523 1280
7318 6139
3349 2289
6098 1359
4629 6527
565 2070
6887 8660
2399 9269
3104 9375
4509 7890
3692 1735
2823 539
6501 4875
8071 6607
3497 961
2567 4541
9323 9688
3213 5748
5714 1259
1514 8856
2926 3492
6961 9450
7220 6138
4000 4686
5172 3944
6172 1480
630 4479
5909 3565
8529 7956
6139 5383
8410 5216
323 3612
8144 3423
3688 3441
328 1984
1797 9260
7964 4746
9177 4116
8802 3936
6815 9007
2513 6191
2630 4103
3802 731
4305 8943
9260 3351
5918 2156
3797 6757
3079 7705
7590 8525
7131 321
7381 7991
800 5618
3782 414
7631 4667
3687 6336
117 8889
3839 8223
507 1991
5272 5882
8212 5552
324 92
3517 9713
9600 5493
62 5698
2103 5494
1709 2776
1434 6261
9052 6204
9914 9722
8121 8727
4346 5444
1582 1134
6428 9908
2628 4272
3748 9185
9423 2310
4753 9351
4734 7901
8753 6023
7761 6023
9907 1596
2828 8522
9980 8916
1134 5206
6110 3614
96 7000
9966 29
8644 4446
5708 8383
399 2398
948 8372
3217 5424
7879 7643
1139 4095
4919 6004
2244 1358
6298 6000
857 738
22 167
2473 7715
2397 1715
8943 8756
427 9870
296 1956
4422 6402
2463 3646
1455 5193
4431 3864
6067 1711
2102 6221
8184 4704
4692 3938
4998 6787
9798 3441
5582 2038
918 8298
9692 6402
9597 6821
1658 9293
2056 6264
4507 6699
759 1199
6186 637
2568 9037
4170 9792
2791 9237
7296 422
8940 143
20 3809
8413 3689
7041 5579
148 729
5798 7006
775 1932
7493 1951
9839 1514
6625 5682
4214 8950
8961 558
5752 4749
8747 8348
267 7412
2381 8113
9845 675
9269 6508
6341 1892
2718 9385
393 929
3158 3740
6908 7103
5106 7586
5462 7091
4982 8230
6947 4233
6795 4248
4631 527
7486 999
2312 7722
7497 1159
2863 8768
5425 3007
251 8620
5267 1845
3380 7125
2993 8433
6529 6730
9521 9605
2372 6661
3603 7528
4014 2967
8081 2476
5903 9984
7673 9327
1546 3821
6382 4820
7194 3936
7689 6790
7418 951
4173 6524
2540 6701
7094 2311
6818 3869
2887 2095
8732 7549
1279 2798
5282 9370
7426 9439
4683 9549
8784 1301
8084 7921
5897 861
4546 9491
2580 9691
8159 9234
8685 1602
7042 6038
4816 461
2768 3190
4146 1295
9005 4662
9345 1968
816 3493
4484 7142
5213 944
6618 9071
8915 7638
1751 611
3224 7167
9706 6031
1248 7495
3451 3385
4944 2138
72 4090
8739 3314
2477 2962
6100 6068
250 5636
5624 692
1551 1109
974 893
1881 2988
2530 4314
5 1807
6792 5230
1239 102
9795 345
2391 5726
4281 311
322 6942
9135 6566
4183 7870
4176 5115
5551 7118
1343 6647
4594 2315
8582 8809
6152 516
1172 6586
9492 4974
7204 3839
289 1672
6002 4527
7406 8926
3195 7687
8929 4581
6148 7652
5758 7314
3255 414
1636 6558
8345 5394
9090 987
5363 3706
6455 2238
5967 2141
7885 5659
9255 8246
1232 1128
6117 3549
2332 8535
7984 7851
4098 3803
6893 4204
9815 8198
4227 5836
3465 450
344 7496
3510 2841
9598 6128
6176 7318
9934 7919
4408 1955
2454 2278
9717 2700
7874 7448
179 1151
1885 6324
8504 8368
3978 3202
2286 2703
82 6713
4977 1447
7749 4099
7311 8420
509 9012
9018 2139
4760 7243
3373 4022
3488 3538
8104 2080
5326 1380
4888 6581
4100 3677
5355 904
1421 2061
1535 801
5165 8635
1090 8467
9406 644
7907 6714
7273 6431
683 8815
1605 7854
4823 2006
5416 9628
8942 6244
1893 7456
4927 830
6988 2706
2144 9159
6696 291
1459 8585
1469 2627
6623 8823
1148 4692
7926 503
992 9277
5546 248
333 923
8775 9908
9775 8419
9473 9999
1429 4961
3573 2192
3659 7169
2313 7342
1652 2341
9829 8495
270 4639
8142 7777
462 8792
3064 1326
1810 3166
7268 3119
8811 4368
1100 5745
2831 8927
4654 4273
477 6523
1874 8716
879 4422
3849 9287
7909 7461
5929 5151
2208 4996
2521 3308
3374 8192
2689 9496
629 167
2920 6416
3784 1173
5692 5012
6736 4117
600 5675
7545 612
5866 8477
9878 8855
4747 9995
1701 8955
286 2788
2989 6819
586 6661
7400 9955
3783 5715
8022 7717
971 4614
818 7685
5348 5479
6974 7673
5682 9628
1780 5077
9328 665
2273 4090
159 6429
8798 5511
9263 1997
3229 783
451 8502
3613 19
5661 8352
5800 5789
9333 4910
7411 5812
6634 946
1646 1310
2573 4774
2072 2892
9974 366
7915 6514
1537 6559
9549 4391
9748 935
903 9113
4469 8756
5004 8185
3610 8621
2243 7082
988 2993
7103 5840
7969 6671
149 6011
8025 6245
1990 380
6358 9103
1532 6635
7152 5342
2652 3495
641 2321
2437 8941
453 23
7287 8781
4661 7001
248 18
4788 2368
8249 7660
9998 9049
3777 923
1244 7072
4347 8398
3105 666
3493 4583
7951 1016
8108 7506
4727 6351
8436 4866
9022 9875
904 7595
3326 6356
712 7336
5907 3777
210 1764
8897 8672
727 1144
7322 384
6257 1220
1060 5119
8599 8779
1586 9588
5646 3859
2387 1803
1344 1776
163 6049
4552 6400
4130 9033
9243 4143
3931 76
1880 4252
1035 4338
2302 7727
9072 5671
6432 9583
2633 6040
6675 8046
1201 9639
774 6496
6070 8564
9947 5907
4817 4367
1224 8837
9435 5877
8314 8577
9081 7216
2086 442
8387 5130
7967 5143
7290 1704
6592 2627
635 2002
255 8640
2264 7024
5369 3255
3566 5884
8412 6299
5037 7129
5767 4808
7660 3311
3139 7146
1598 882
6244 5798
381 1065
1592 7627
5933 9443
4043 7580
3074 3177
4136 7294
6856 5168
4482 2262
5467 8141
112 9635
5729 2947
7694 5406
4713 5170
4820 9748
573 9377
5944 2764
349 2262
2623 12
3127 5226
8369 1125
3190 6219
4009 200
6076 4570
6866 7439
1985 6462
7292 1648
3604 4044
8374 5823
6649 9975
8131 2822
2673 3750
7755 8236
4067 7182
3138 3320
2324 23
7147 2239
3141 5295
7344 8998
3460 7417
5365 1915
6328 1322
8235 9501
3119 1746
8388 718
7070 9486
909 3104
870 3404
8119 3041
3405 2300
389 4411
7356 3487
3730 8005
9830 8909
9203 923
3480 5062
4288 5761
456 3945
8677 8390
7746 8789
3974 4324
4992 633
9504 8987
1173 9056
624 657
3923 6061
99 7400
9666 3676
4819 4035
5846 4290
9938 1939
195 9702
2611 5003
3131 6167
845 7521
2904 5178
6105 195
7013 6119
5610 4296
3 6874
7030 3350
7379 4661
2624 3175
2602 5738
3287 7628
714 645
8543 9399
8900 9758
9450 1418
2598 4606
7038 9455
3102 200
1716 2710
701 490
9117 1412
7615 4832
7747 7232
1714 945
474 706
9174 3234
2485 2380
2075 5406
1251 5626
80 5196
7657 4289
8503 1433
8475 4455
9694 1601
5880 7913
5265 6287
8620 5891
9257 2677
5378 8486
3734 974
2955 9785
9210 5358
3477 5307
9921 5506
2296 4510
6953 6947
9995 6777
8997 1794
8488 2499
3744 9672
4799 7072
5390 2045
1484 7109
5797 7183
5059 5745
1212 1765
1144 1819
4424 9975
165 5030
2151 6297
7938 9272
5537 9478
9852 481
1841 8652
8291 5204
8200 2880
6053 144
1947 2
3136 2775
8762 5053
6500 265
9390 474
9318 6181
6 4481
9786 1189
7109 1496
3999 142
5835 3017
3996 7094
9954 3410
292 1403
3590 4910
6807 6871
8279 5058
2613 7712
1712 3009
7382 74
7201 967
5709 2125
5255 6700
6569 5692
396 4819
5137 287
9314 5846
7374 7044
5519 469
2483 1527
3441 8364
5450 5551
5033 2886
8955 54
9731 2907
6132 6216
9025 2152
1831 5215
5458 9633
1933 2763
9659 2639
4866 5797
3798 1724
8284 7773
6730 2166
3516 2079
2385 7741
405 9212
4702 6257
8421 8849
9643 9417
2436 5084
5653 3284
9624 6161
6392 1193
7391 8132
7658 8006
1234 5946
5188 2368
8763 8428
4171 5975
2874 1805
9585 2946
5603 1470
6080 525
9915 2515
6533 8098
6013 2051
8224 2206
3378 7616
4248 8573
698 9056
4794 1424
2017 6789
3529 4289
8703 3596
4710 1579
6442 7334
8516 9484
1732 5943
436 4280
8446 2235
9124 1520
6930 1253
1883 795
9814 9605
6546 6797
9415 6834
6686 3844
8744 4191
3399 4531
3180 3920
9221 8665
632 5680
8426 3109
190 3751
1942 8861
5292 6007
2315 6365
6433 9136
2621 1359
1731 6585
2481 5477
7593 4096
3992 8517
5731 9057
6411 4490
725 4294
6743 1997
2083 3321
3993 2899
7255 132
5470 9447
8787 9044
7244 6333
3174 1928
4763 5287
8393 5344
7666 7303
231 1358
4697 5103
7704 5571
681 4875
9617 1869
3000 1429
5223 8055
3234 5734
3084 8336
9656 2393
9106 8013
3057 2831
7587 7626
5799 7039
9122 1736
4393 9563
1505 9195
6167 5666
7228 5846
6578 449
180 8274
3203 4297
5221 6093
7707 1919
275 3004
8457 9859
33 783
8013 8314
858 996
572 2631
3065 3015
7209 1180
8136 4484
5218 856
4304 2323
6670 6076
6296 9333
1391 2515
2908 1869
8875 6514
1766 8826
9452 1800
5535 8766
5042 1699
4301 3800
1142 6660
4587 777
9071 6301
4036 4452
5657 559
6065 3058
5690 64
1580 8117
1030 9696
806 297
656 1772
8531 3724
3874 2662
4909 6875
3896 8368
3895 144
4869 3743
8658 5879
9568 7478
8494 6691
704 5202
638 5848
3490 8385
8170 1472
4563 5741
8925 5496
2895 9870
6466 7802
6293 8702
4407 4506
2088 699
332 6308
7398 6650
5574 5585
3359 6678
6764 5832
8604 1501
5147 1935
5632 3965
1790 4924
6267 2769
8241 3480
1070 7597
7748 4179
9760 2804
5533 2433
795 9114
835 9789
4693 2125
532 4554
2274 9291
2057 2556
5792 2727
9683 5927
686 8971
7965 6039
9768 9740
3420 1163
9007 7906
4315 3102
1906 8504
3280 9696
6136 4812
2165 9442
6141 8922
9649 1051
3153 1381
9474 3092
8663 4861
2743 9428
2905 486
7111 2160
4596 9252
8912 159
8872 3994
2447 5360
1394 4769
6563 4838
8882 6809
5194 5308
2549 6419
4465 8132
3272 5496
8783 4547
3681 1131
9037 7875
6505 408
3338 9254
6977 5140
23 6204
5971 1995
6134 2665
6395 6784
6241 8210
448 6754
2723 1571
9337 4570
7055 635
1645 8954
1700 8408
5980 9248
8026 3342
7891 2566
84 2127
6748 2719
7500 5928
7270 8838
120 998
1550 7486
9583 3307
9716 3118
5684 3444
4134 872
8157 8618
9002 3057
1863 5239
6115 7998
262 5313
1944 6026
9062 5545
9756 172
5952 286
802 9912
6888 1364
7017 9618
201 9362
5617 8754
209 7279
2421 3802
5283 3653
6032 2243
1478 932
416 875
7648 5282
2204 2476
5506 5832
5763 5895
334 1141
2308 1611
8935 7111
6064 5800
6674 9692
9834 3679
6087 9526
8694 9378
6130 7257
7867 1534
522 3329
1223 6417
8083 5250
4720 7808
3040 8140
8519 3309
1353 1997
6837 8713
2314 1610
7710 201
8994 739
4191 1742
1677 2028
1875 9840
519 1918
9790 5705
952 9594
8878 9637
2014 4107
1560 1565
665 134
7930 6300
5174 847
34 7696
83 7873
8307 6142
8027 7619
4889 7995
7977 1720
2866 8689
2344 1079
1554 5768
861 5781
1804 3780
8380 7526
281 4807
3222 2869
6911 2096
787 7183
9393 4804
1358 5102
9039 6136
1600 5752
2711 6871
7537 3221
9381 9927
2442 8888
3212 3241
5156 2833
5699 4400
9301 3759
4145 8090
3045 2976
5511 1458
8015 6325
9841 3717
8354 9284
7581 8768
1739 4200
4873 6045
8196 2934
6187 7183
3518 7323
104 2875
4791 251
1524 1466
4180 8641
8453 5754
293 4863
3559 5984
4655 7888
7925 5192
9703 1969
593 789
7929 9681
2672 4585
7983 151
5997 4231
6066 4745
338 99
9285 5818
7264 3777
2265 3753
1799 2163
3472 2462
6486 4012
2618 8615
3185 1594
8348 2378
9835 4031
9986 2061
3758 4734
1305 8369
6808 7586
2109 3219
4049 3375
491 3319
236 420
9058 2355
6744 2291
3251 8090
7342 8967
1639 209
2245 776
6817 4266
7399 8613
7744 7587
8482 7894
7821 6646
9930 4731
3051 458
9231 8956
7814 3351
2702 1673
1748 402
8231 3237
705 7319
6687 9746
3448 3124
3766 8584
8855 290
5124 8170
5720 4752
5335 9443
3731 6363
3658 1930
740 3306
2664 6879
2048 5126
7492 1323
6429 5763
2865 4676
4906 5227
5095 6727
6164 5190
5486 4719
517 7735
3906 4781
7401 7212
1625 7345
6481 6039
9807 3335
5228 9053
882 9641
8863 7278
5017 4365
2116 7610
8009 8061
3215 5666
1447 9025
9478 6627
4647 709
3206 6732
8099 8973
3855 3104
9466 1768
1602 2669
5887 5041
3457 1885
5007 3412
3056 6565
3332 6136
4937 7193
4111 4297
542 7607
1238 3508
2091 1227
3852 593
3484 9729
5216 2782
867 3376
8321 4958
3044 9472
8070 6029
4625 3511
8505 7218
7024 9399
4981 3042
7512 9378
2682 4741
2869 995
8609 963
8894 3046
5098 8158
6101 6283
4635 7
4814 2959
312 6684
1460 7792
2626 4863
9041 7415
4688 3765
3165 7187
8362 6624
9722 4994
2157 5763
8134 4011
650 7654
8978 4978
1449 3733
7072 1996
7126 9659
243 818
2576 6981
208 8069
5217 89
6480 3581
2164 6490
1764 8734
2728 5176
9542 4095
6263 200
39 1240
8085 1168
8885 8575
1467 8577
5825 1250
4286 9451
8647 6151
2196 4635
2604 6420
6963 3979
9604 9571
6492 5503
7023 8246
8661 8899
5243 935
1575 8743
5480 4772
45 5357
3647 3113
4088 9588
3669 1753
8452 2666
1721 7618
7998 7910
3454 1479
7125 6686
5353 423
6252 2223
7887 1336
2862 1839
7954 4508
8202 120
1165 1887
1012 5542
3753 8405
5049 3024
1080 3432
7302 6667
5182 140
3873 1717
550 207
7837 4651
8384 288
9732 7231
723 297
7935 6320
7561 2308
5293 5154
3189 6031
7525 3138
1197 7190
2789 6534
563 3342
295 9280
7282 9957
6265 8050
1310 1073
7538 573
9449 1508
2650 8357
1571 1579
367 5385
259 4862
3052 4836
2202 9185
9983 4463
1355 5685
8884 9253
7845 8348
216 980
4093 1756
8522 1564
5514 9212
3990 4835
326 8549
1439 2888
5417 1641
6809 7434
670 3263
865 9276
3810 8738
3471 1698
3913 1460
2359 1843
6631 2236
1126 4522
7573 8582
1680 7087
4790 339
7727 5452
1589 1555
4289 7873
247 2302
191 6844
288 2534
5613 8553
6782 9076
8607 2776
8056 9264
9082 5111
4591 5776
2440 8010
7519 5951
1727 8936
1423 767
5790 3313
5818 6969
4350 3673
6441 6721
3845 5678
9448 2847
3601 199
7314 4098
3555 4665
966 6973
3282 9190
6729 4510
3411 2722
1105 7637
9236 2837
5576 730
4034 2202
5181 9240
2150 9665
189 2894
7218 2620
1843 9808
4831 3632
5541 6313
7279 7573
145 7280
1738 1521
9867 1900
6431 3236
2472 356
6543 6681
8624 3508
1222 3401
4602 3190
2976 3446
8734 5215
859 27
5358 6275
4834 9916
6656 6027
1783 4131
8094 8035
1837 786
9008 7123
1157 8352
7687 3069
9094 1492
1084 3248
6281 5777
2149 7171
5360 6163
5461 85
6934 6601
7618 8119
9059 6051
6020 8072
6275 2544
6374 6027
7604 3581
7620 5133
8909 2996
3143 6417
9154 9323
3632 9741
2890 8352
5498 1284
1830 368
4019 7165
5479 6403
433 7205
6732 1367
2371 6033
4999 4263
6285 3265
6997 536
7723 493
9215 5556
5118 405
8073 259
8439 9312
8366 6560
3253 9230
2696 7684
659 5320
3954 9860
4736 1789
5960 575
7978 6685
5704 1943
2680 3996
8295 5128
4172 5253
854 277
7524 7889
3114 860
9638 3676
7020 829
2726 1304
7325 5109
8296 9707
2509 3204
5867 8450
6717 9275
8319 6212
591 4094
7777 7114
537 1805
4555 3682
9158 450
3331 245
5834 3153
6890 2183
6949 2036
5306 3277
6408 5349
8518 7928
8931 8879
7029 3437
2547 1550
2256 5868
9509 630
8481 9604
2044 5580
2230 7279
5153 2770
8483 4000
2278 7158
6200 2748
7953 3763
6638 1379
2599 5334
2543 3789
2931 7268
8561 596
7285 4903
3487 8771
4658 9630
576 8744
6086 6988
8859 7793
7505 1950
733 5027
897 1368
9357 4444
4758 5586
4466 1035
7034 2230
3148 558
3257 2501
4493 3038
7542 8296
6773 9826
4016 5979
2408 5663
5471 7717
9904 6354
1918 5311
4459 5532
398 7512
7551 2096
8883 8099
131 4754
1160 1814
5822 5435
4018 469
1022 5488
4665 3289
3908 3224
9441 2018
7890 2054
6122 7351
5644 1113
3304 8222
1954 913
746 7241
3036 4759
9527 8655
4846 874
7792 7805
2339 2583
1489 4207
4586 6180
7210 2066
2267 1134
3439 8181
9312 73
302 3420
1209 5377
1181 2321
4502 5085
6401 6872
700 6348
649 4586
2507 4425
3018 2680
7770 6646
2137 4294
8988 4649
7695 4007
4159 2904
2577 7640
6903 8559
1791 996
4914 6446
5616 7866
8458 1768
7610 995
567 5433
880 4848
6883 1686
7720 2065
8431 9702
4115 2940
5107 8650
2011 2654
5542 7740
1984 4114
3149 2689
5485 1857
9468 8752
217 4406
504 7928
8951 602
2155 1622
2232 6305
8941 1599
1138 9021
3848 9273
2788 9315
3673 9797
5231 482
5427 7330
9320 2377
3998 8418
8534 7699
7350 4940
8341 5237
1726 7638
1066 5379
3583 6300
5079 6356
1482 9126
3965 945
8914 5756
3963 3453
3407 6390
4910 7410
7213 7172
9110 6775
4932 9141
4582 5098
9730 1912
3557 8965
5615 6793
6801 8152
4264 5218
7800 300
1690 1001
2297 7041
4704 7850
8424 3585
4064 4724
1347 126
6915 5996
874 7769
8834 4654
3561 8003
9735 4752
3690 6073
8536 6652
2077 1084
8222 180
6079 5952
4471 9214
9881 9642
7831 3972
4880 2381
4046 2312
9589 4329
2184 3775
3508 594
5762 9
8568 4297
1089 9381
3452 8682
5934 1196
6964 4326
2872 9482
935 2321
7859 6426
5820 6105
923 4018
8491 3772
8242 1226
998 7961
6225 9934
4624 8364
2636 7995
1703 4337
5856 7129
6639 4470
6559 2057
3981 1809
2922 1617
5412 1938
1836 8421
1009 191
812 7190
1141 2102
8432 8464
3572 4876
5316 2884
1023 7034
1728 2386
3646 3740
4369 563
5161 9854
5598 5329
5604 772
7638 5945
5804 8902
6223 1282
2378 5082
4667 7387
2386 6959
7844 5713
1046 7354
8757 222
8325 2568
5413 7596
1730 1665
9000 5482
7277 3773
5426 2093
9714 4643
8493 1366
6779 3699
8293 4732
8789 1757
1042 3629
5239 656
9973 335
158 8089
7011 6506
9280 1749
4244 828
489 7065
6443 9519
7159 8677
1036 4659
4772 9605
8302 1294
574 4189
2629 3678
2223 1704
2534 2668
2469 6366
228 4751
3097 7566
176 7392
1621 3007
3196 8505
9418 5109
6462 6010
982 267
5333 1301
9685 5430
5359 139
1193 1890
1871 892
9844 5563
5191 2576
1585 3022
9690 7729
6612 1775
8586 1701
7018 7135
1412 8544
2900 233
1568 6219
1501 4250
5791 2275
307 4490
1858 7097
5946 4210
2420 4780
4818 8399
6542 3942
7916 3644
9793 4014
1336 754
9383 8347
5962 8733
6847 1280
8552 5130
1446 9103
883 4119
4091 8628
6853 8924
8367 3709
5803 7669
2272 8750
9397 6429
4454 3789
8848 1847
5774 8548
7133 9405
1686 4248
6379 8556
1772 6074
4780 1527
5481 7745
4175 5771
6860 1507
432 5283
1488 3685
4039 845
7457 4474
6465 9579
1406 9084
4581 7966
5637 8284
5557 1907
9883 4155
506 7526
7847 7376
144 9354
1916 6934
6875 291
4649 8359
4985 9962
1921 3044
7417 1357
4660 3003
4876 9672
1895 5405
7178 6844
1031 1242
1615 5728
6775 6658
6300 2156
2227 3291
7050 3658
9353 2566
1509 3203
1620 8608
1004 8887
6393 2629
1634 7629
455 8243
2524 1577
4877 194
4293 9802
2203 9550
5829 7115
9251 3220
8406 9685
943 5988
9400 4816
8606 7230
122 1233
9955 2500
9615 164
6351 7659
9053 9341
3823 6885
8383 1231
2871 5677
2692 1740
4330 1471
3204 6954
1953 5448
8871 4978
3958 2971
155 1757
7117 9092
4274 2365
2068 9939
5747 3223
9408 8732
9577 7252
2661 4823
3872 5881
8990 6828
4669 9981
2052 7252
5329 4399
2591 4238
7089 5552
8024 6279
8066 7913
5701 8385
9044 9870
6978 1627
8708 9598
1674 3011
5285 9938
4085 8399
5048 3296
8428 2565
837 5589
2787 6969
5441 904
3126 7657
5888 4254
549 7805
8939 688
8409 2459
8535 293
2794 3969
8510 6917
2645 3508
4908 3505
9916 4600
1872 2623
7779 7482
4761 4366
7076 6510
9500 2272
8720 9495
8567 4928
8485 5007
582 9321
2012 6236
3788 5524
347 763
4372 7176
3971 2607
1462 706
7196 8535
2638 3858
4745 162
9781 1945
3231 1038
2956 3627
7414 1478
7560 8378
285 7402
3387 853
1215 2025
6700 9584
2330 8961
9738 9187
7811 843
3381 6025
1515 3547
8228 7384
6232 7022
3063 415
9619 8171
4535 6742
7948 1475
5301 4840
927 4014
5308 2415
9394 7472
3569 8947
3430 5638
2236 6791
8665 1107
119 2223
7614 6889
1385 2681
9319 5722
8782 122
2 3635
78 7803
3094 9760
6397 9923
5816 8341
7716 7900
6247 8053
7937 9675
7184 4943
3787 4656
7680 3383
9172 4211
1611 2664
612 1929
6796 3619
9140 6080
2008 1444
9523 9752
2932 8928
9621 2781
2677 6129
3891 3229
1470 8209
5871 6264
9331 886
7686 5506
4441 6212
4143 219
7882 9602
7203 5035
7057 3909
7238 9598
9016 9777
1927 1168
2214 9989
8433 1128
8701 6727
9945 9676
8358 8285
9224 6742
9962 5028
1813 5465
3293 5472
47 4134
7000 5757
1920 7834
4310 5374
6916 4945
4337 3041
9654 8487
9396 2059
1440 9154
9324 8456
6175 4774
1798 6720
4341 4158
9078 5229
2808 9288
5770 2019
7591 5196
2268 7515
2879 4851
6609 7610
1321 7538
4411 4781
2435 243
4405 6102
4685 7394
9634 1877
951 1299
1720 6046
2393 897
2582 279
599 3806
3108 4104
1866 1156
4530 9572
3652 3901
8316 5255
9198 7186
9083 4649
7917 3181
7367 7343
5154 7379
4599 820
3256 678
956 2528
6859 4248
2213 6248
8422 9178
954 6926
9006 9096
7893 937
4960 3084
9629 1658
6831 7211
2892 6100
1955 5215
4277 4491
501 2618
2316 5439
5597 8006
3911 3222
2885 1655
4483 6264
27 7805
2709 6247
6957 8868
1959 9281
9284 3028
3027 6731
1981 3086
976 5067
1924 638
4166 1774
2663 977
1472 3906
9673 4727
48 628
8188 4936
8528 9021
7234 9556
8857 2986
3211 7072
5341 5774
8360 2211
4271 5451
9360 6207
4142 4849
3424 2753
4398 7409
6434 9585
3383 1239
4644 7087
1135 6860
4335 434
677 5378
1052 1882
7229 4582
1184 1821
5854 2672
3277 6493
7312 8015
5894 9473
5553 3212
3916 4875
6665 8282
8691 3943
254 9780
3948 4251
917 2799
5641 3729
4730 3349
5411 3910
5018 4365
4050 8955
3866 1769
1289 6152
7656 9002
2080 9847
4336 824
423 6914
9467 9144
7571 6794
1672 8234
4567 8343
875 9365
2474 9067
4743 6097
6181 3975
7060 4204
2988 1778
1115 5027
932 6396
7696 3271
1415 3733
2089 9380
6340 3100
8468 9513
3121 6402
9048 785
3546 4947
8501 4199
8127 2864
667 4934
3622 7733
3975 4655
3384 1997
2326 5738
7997 6110
3006 9393
4610 7996
2835 9196
6724 9026
2433 4498
881 2168
1937 1796
1637 6446
5627 8865
1418 7516
9831 7883
669 2890
7003 5208
947 6225
7734 3569
7808 7252
6759 8678
821 8617
6731 4917
6299 502
4621 6939
2348 4276
5840 9249
2719 7667
9362 8878
9992 7290
9705 1817
6001 3648
1182 1334
407 6102
8208 1007
3765 7348
2363 1148
4377 8510
4153 5256
2508 9948
3333 9590
6902 5860
5838 6072
2033 7015
9987 6786
7968 8981
1590 4176
9098 6643
2431 8115
4447 4752
6021 5970
9029 3222
5279 8329
1665 4253
2693 2185
8957 7072
8379 3687
5566 7318
9896 2808
1226 1979
1516 4894
6413 6838
1390 3002
473 6376
4151 9341
8759 755
7927 6277
5898 7456
8464 6419
3898 1685
9329 2062
2121 493
7247 1958
9981 1477
8223 3349
7703 879
8282 4774
4002 2998
5248 2389
5936 75
899 4136
3571 2909
3025 8223
331 5721
7765 9658
7360 8900
631 481
8460 8512
4333 1401
8634 7996
7241 9972
4949 939
7172 3109
7574 230
8255 1670
123 5293
3671 6481
4204 6014
229 5792
3779 4718
9447 2184
7388 2460
6036 6023
8179 4275
4737 4640
5721 2633
9384 4097
1112 4482
2303 8715
9253 204
73 4545
4413 9303
9676 7169
5448 5552
4681 8884
6756 2619
1463 4092
9169 5034
2261 9766
194 758
2909 1219
6142 5533
6227 8611
2811 7857
8797 8870
2913 644
6369 9460
4957 5713
945 7441
4630 253
4583 384
5449 9284
1873 5405
6483 5291
5556 3
4533 5990
9572 4291
464 2546
9720 2475
7483 4413
6551 2751
1179 8222
6360 529
2559 334
1648 1693
808 3341
8035 4367
7861 6724
4423 1146
4835 8622
1740 4695
5710 4893
487 5890
320 8192
6385 1356
4779 4145
4538 7602
3113 962
8532 9972
1327 9666
7862 6069
4996 4212
668 8876
4488 6541
779 4450
2998 9755
8014 1733
7527 9415
5040 6855
3382 4703
3870 7634
3586 6362
3918 6069
8725 5834
3815 9908
1855 4550
4971 4630
9354 602
7952 7115
7156 9141
2883 7026
4874 5265
2830 8270
5751 18
4832 5681
9858 2353
719 419
1856 1536
7922 5750
9202 2948
7784 9740
721 5135
5970 682
3863 9910
8007 3441
8507 9136
9287 9041
2953 7263
2581 7877
6643 934
5527 3839
5144 6660
9866 5657
6077 8176
7793 5337
9442 637
3912 4570
6772 2085
1692 1158
4622 7082
6830 3026
7771 2268
7634 4832
4965 2955
8711 7991
9849 8110
1151 6042
5629 4119
160 6149
7469 9876
3442 8781
3361 2259
4668 4082
9946 9489
4531 5876
3019 2063
5989 8992
3580 7344
5518 7942
7918 5659
258 8971
4367 8465
6318 3613
568 9030
3524 589
8910 2702
7288 659
3879 5358
6554 7244
3953 8496
6511 7144
4970 6058
7996 7447
3740 7004
7166 2235
4197 5940
3843 8863
7955 4386
2094 7614
1034 8175
8262 5206
5806 6961
9744 407
3379 7510
1218 9256
1431 2193
7541 6258
2292 7849
2096 3964
2404 3613
1510 1796
449 844
2240 9138
1065 7830
9497 2658
1348 505
15 3075
1506 9007
5012 3072
7298 755
4544 2721
2285 8452
4930 7840
5927 1173
6202 8224
2670 5727
1526 9011
306 4678
5912 2725
8318 2536
611 3517
3437 9275
2825 2097
706 463
7 1427
54 8551
1849 8468
1487 1856
458 2906
6240 1901
5561 4129
2715 3366
3769 6518
7254 145
7128 4008
8767 3717
3151 7674
7439 6918
5926 76
7169 3826
617 7259
8312 2885
3545 1206
9069 8299
7357 3099
9494 5637
8402 6961
1928 5461
6025 5242
3413 27
325 4052
8003 8763
6804 5707
1055 2094
6733 6038
7082 1403
9116 1877
8320 5410
6877 2797
5132 9181
3942 4321
8612 8243
6163 4741
7115 9050
5136 6590
3182 6648
1951 7523
7090 472
2561 3611
9652 1846
5669 8026
5772 7474
2803 3374
1 901
4030 614
2043 8195
6219 1394
9432 6895
5436 7080
9747 3488
3071 869
9250 8849
3881 5060
5373 6149
7649 1500
8405 4874
8523 1705
8970 918
5163 1417
7828 512
963 407
9265 5430
5850 6491
7664 3138
2860 6164
5900 9517
6470 2553
5848 6895
6907 1169
7989 1786
9367 9505
1949 956
9932 99
4809 1093
3246 1694
1048 8286
168 3804
3109 8972
2506 1794
409 3080
9161 3873
8815 95
1702 4113
6235 9876
1146 8009
2837 222
8093 9815
5299 7687
6149 9836
6230 2037
922 7357
2992 32
9999 6479
2079 9796
1303 6650
6082 5827
7769 6005
8332 4539
6595 707
2855 1598
4319 9597
6097 7319
8178 3526
7403 9562
5391 8738
2138 2548
3724 2052
7781 8624
2655 7558
7358 5674
743 2678
205 9980
1795 1754
7007 7116
1309 8921
1158 9038
673 6083
2622 2983
7081 8542
7295 548
9603 4533
3418 4917
8660 6440
5655 8730
965 8743
9015 7964
7233 6416
1402 3971
4541 4520
9293 9693
2698 8063
157 2642
8666 2528
403 3142
2716 2161
5645 2550
9918 1683
7186 8607
1257 7167
839 560
535 8097
8946 9429
9832 8776
8163 9463
8546 894
7826 9909
6710 2078
2216 1119
5224 3091
1147 86
3674 6853
8126 5016
8253 7995
1059 9022
5998 9333
7881 442
9267 7674
5171 2159
8809 9933
3308 3840
8100 6215
3232 4300
8378 3414
2334 9663
7026 5118
4841 5080
4083 8828
444 8583
1202 4114
4148 3183
4577 7079
8351 9746
9557 5680
5893 9212
5252 5459
7790 7793
5786 2602
4144 4771
8204 234
4952 3685
5014 8566
5178 3860
9119 2452
553 1263
2066 5427
8808 3050
6311 7046
5503 8187
1341 2130
4881 8699
4724 4607
3624 7525
8209 1240
6310 4446
2574 9560
1220 2945
64 7176
434 780
9143 1143
1608 7536
6716 1802
3633 4398
7043 6845
6453 3089
2511 1553
8256 441
7740 8353
3691 4053
9270 8062
6102 352
2798 2760
6697 154
1074 9557
3314 9425
4904 7635
6671 7939
1054 7854
8269 8036
6749 4012
8896 3190
7170 6778
4348 7354
8829 7378
3521 4256
3822 2185
7390 2957
2902 1179
7443 5418
6491 7323
8063 9752
6784 9496
9114 1813
1842 5955
1374 8227
6514 1374
9660 6138
1832 1454
3163 3412
1150 2859
1828 4018
4827 2415
6452 912
350 5718
3464 4147
8812 7310
3406 1888
8001 8214
5351 907
4735 7065
6750 1052
8974 5063
9893 1242
57 5713
9804 472
97 4453
279 3150
2496 9905
2776 7574
4716 6214
2742 6124
3085 3123
1622 6471
337 6285
6885 4638
3940 7004
1366 3111
7567 4844
2179 9863
9777 7669
7289 4618
3061 7058
4500 5976
1661 6010
6404 9016
2817 5818
4017 3145
8143 2181
895 7598
7173 4875
8233 7585
5882 2561
6157 9872
6229 4550
8052 5289
7528 2540
4618 3249
3625 9497
2839 731
1689 1600
1247 5277
729 2987
2528 7608
8972 3070
2025 1270
7982 47
6305 1045
3861 5523
877 2540
2062 2731
6602 5051
1762 1646
6454 9841
3830 620
1129 5146
1438 6193
4797 7797
6359 9702
557 1086
1477 3031
6449 539
2380 1537
3129 5782
6910 6199
871 8302
8473 1906
8229 2021
4848 3173
9978 4876
8806 8669
547 6657
8125 9051
3920 1478
7526 1730
8135 3002
4849 7781
3262 3270
7724 3971
4803 5312
4209 4738
7404 8050
7588 7723
9237 9779
9799 1405
7158 9181
4993 2247
8414 6883
7053 2140
5454 3443
4055 9545
5021 2169
7386 4448
8019 492
2178 5201
4548 138
3608 3000
4359 478
6490 5373
5465 9870
6767 6775
6121 1058
8740 5733
1565 4341
5418 509
7051 6854
2495 3862
4479 7117
7509 2953
9641 8648
3466 4692
352 6730
8542 9445
3531 1445
4200 6306
1867 7291
240 2105
1464 8733
7731 1669
8169 699
4545 6364
7338 1228
3150 2038
4003 6772
7772 5438
5639 8371
9118 3881
1868 8510
8843 4006
8926 8949
3268 5114
3264 7473
1695 6734
8266 953
6006 8067
6174 5049
5650 5585
1656 2950
2479 9986
2924 5708
5845 1087
8368 366
9927 4719
7468 8594
4896 4832
9201 8234
6353 3945
1014 381
1784 7939
440 391
7974 5851
141 8628
1511 3586
2379 4657
1163 4119
5764 8386
7421 2841
3595 6073
6929 9053
9460 3598
9847 9107
1887 9154
3404 3128
856 2591
5601 2010
2845 8143
3317 1153
7975 9880
8722 8760
4309 8848
3736 814
1027 9164
5725 9456
9769 1431
4757 4193
1360 9637
2258 544
497 5963
1272 8056
9311 557
406 3984
4415 7919
161 1729
2445 600
8530 3042
972 2098
2417 244
7637 5072
4637 1281
107 4589
5794 8175
1802 2652
9123 337
2967 9458
7508 1743
2724 8028
9528 9426
3500 209
9770 2269
3137 8205
9264 7537
1273 143
7405 8165
9704 6822
4442 6693
2799 1420
8128 9493
5433 3339
5742 1555
5149 937
5322 267
476 4868
3177 357
5857 2799
7738 9748
6540 4548
3970 8117
6324 4404
8697 231
3915 1652
1270 4432
3023 9930
3077 9073
6039 5984
6354 3332
3706 9357
1297 9716
184 1029
9306 4934
8545 8813
5890 1251
2042 5602
4410 529
418 4706
9021 5315
6651 6584
3522 4545
244 552
5025 8932
5593 1386
8012 2365
9339 57
7446 3806
684 4701
7430 6772
1978 1414
3157 1518
4419 7221
2517 4779
9416 7223
4543 8833
9774 3151
4011 958
9508 4879
5517 9001
6273 7498
3470 5140
9708 2725
3648 2455
4354 8564
1333 2895
8513 1967
8297 4659
846 634
368 8050
5611 9069
7931 7460
1275 6021
447 4459
5167 8485
7933 9451
5935 3279
9246 2505
8826 2965
1262 4878
4150 9060
3865 673
9162 5578
6936 9119
6672 3303
9228 2868
1007 359
1311 5020
484 4684
6515 8191
8953 9785
9476 9835
2532 550
569 9810
3928 8968
3461 3086
8216 1599
5065 8498
9972 5085
2295 4836
2944 2810
5260 5702
7069 4857
4675 1758
9808 7684
5102 9702
1010 5417
3073 5337
2635 9604
7010 2718
1507 5348
7834 5304
8873 8053
3528 310
747 2428
5502 3969
1422 3601
9805 4258
5023 1827
3799 8314
1587 876
8553 4720
3446 4326
8186 1622
2099 260
7319 198
8841 7640
2747 591
1258 9523
8772 6852
4828 1901
1136 3919
6349 7821
4174 1535
4698 53
4729 422
9190 4085
3817 7370
8327 4281
7014 6090
3811 6020
1206 4372
5298 6091
6989 4416
1892 1059
4135 9142
8479 5187
5596 5913
7460 2077
9483 590
6723 3331
915 986
1698 8199
4283 596
3663 6499
1641 2553
8306 2404
9558 6750
2158 9559
3081 7378
9455 6994
3892 3025
1577 909
4838 6624
3717 8042
4156 8776
8062 2316
26 7029
7375 8302
3341 346
5088 9595
6366 8840
5941 5875
321 1852
7670 5646
3506 9830
6871 9149
5278 8506
8371 5799
571 1546
6199 4981
8086 9723
6000 5823
8114 4246
9084 4724
1037 5229
7080 82
2918 2666
4851 9451
116 2184
2277 3874
6078 7997
754 4862
8524 2530
1604 5556
3060 3511
585 5372
2023 1369
5697 3643
4926 718
1816 3212
482 2661
7180 2207
2327 6181
2858 2675
5859 7528
496 1504
3670 9870
5686 3004
7193 1830
4607 8313
8770 7960
7301 1433
2700 5390
4306 9836
9089 2064
5195 4739
480 3529
488 7378
515 483
3396 466
760 4237
4822 2735
2876 2281
1322 6524
7584 9870
2761 4137
2141 2884
4216 2908
6846 1979
840 2781
8018 5607
7402 1441
8598 561
5430 182
1414 1542
3449 671
6925 1954
796 9447
1003 9249
9633 4910
1614 1480
4962 8466
5612 6505
7514 6446
7944 4414
9375 4490
1649 3726
6150 9903
7091 6552
7752 1366
9537 4241
4988 9246
4392 5963
8930 2232
1708 6827
6414 2244
4298 2223
2356 8524
2936 5529
863 4973
6049 6122
7758 7592
8287 1061
9644 1750
4987 1973
6045 3548
1781 1990
2844 9420
5635 2927
2889 7822
475 5901
5214 5344
6073 7655
6614 3837
1671 3707
4218 4705
2948 1259
6421 7367
6190 430
8825 2934
9605 9151
8716 9479
9175 9108
5959 5485
9125 5077
5284 3912
1317 5208
9373 6383
9602 6932
2701 9143
5086 4786
6321 3321
6207 6166
7919 3912
8793 3573
7507 8428
4480 6929
417 9602
5590 8490
5589 1994
1203 829
6261 3916
7910 8082
3814 5017
970 7344
5974 7102
2921 1798
9693 8086
2915 69
5453 4674
6539 7771
6596 4412
2047 2632
9596 279
71 570
3171 4327
4229 5474
8880 3594
2113 1089
233 3793
5091 1561
2775 63
8773 9778
6692 1859
6999 2097
598 84
5672 8057
3934 6396
2177 6939
351 2554
7458 4107
7331 9137
2972 7068
1120 9888
1596 4474
6944 4801
5700 6054
1845 7302
6761 133
1131 6626
274 4301
3135 6906
3048 1782
8496 8167
530 8274
7297 380
9454 2833
4811 1917
5712 3736
1919 1180
2919 1453
2708 4835
6320 6430
4481 7977
4295 8999
2960 3420
7550 518
6571 5565
1757 9474
1564 8095
4504 7412
9827 707
3718 3948
6140 8490
4084 5744
4787 3967
111 675
7994 7827
6921 4425
9928 610
9348 8727
7476 7565
3785 3791
910 2821
245 3978
4951 7763
1329 240
3985 2947
4616 4800
6589 3371
6211 5629
6033 8047
8902 7624
3425 3070
7715 6701
5199 4685
3285 4779
7189 7085
9099 1027
2195 498
984 3447
4934 9049
1687 2940
6047 4621
9713 4146
6530 6701
7504 1341
9977 2689
8679 2431
4027 2990
2705 8920
4360 910
602 4964
2555 647
9782 2056
6568 763
728 7499
3024 6563
642 3342
4461 4702
1328 6971
42 9535
5917 5741
5494 7036
7489 3101
8893 202
1618 162
710 2945
3943 3996
7376 7103
1081 8835
7626 3383
9309 1605
3447 2250
6912 3066
5096 89
4657 7542
1890 2755
560 4314
5337 2007
1912 3972
1597 2760
570 8935
7122 2885
4673 5455
3984 8624
1898 7213
4773 5574
5475 8079
9601 2049
2639 8417
887 1266
6632 7388
8498 8270
7721 9214
4663 9671
3683 828
9085 4051
1922 4209
4090 1314
2254 8408
6812 979
5146 8485
4922 1758
4086 1519
6215 6132
2035 3759
7142 5574
3618 4324
7522 5043
2248 9310
1848 6165
3429 5390
2868 8616
2840 9274
9689 2260
9755 1492
2963 7334
2365 6681
4738 5111
6457 8402
3933 9458
5393 6019
4593 8299
5649 2231
7956 6279
7898 7408
9538 5826
1657 3952
5968 1965
9350 4282
2660 9074
2529 4911
6547 9017
7498 7455
9361 7087
7763 5076
6616 5364
1824 9081
68 4129
5585 5119
2078 6875
5032 1376
4269 8527
5883 1854
6583 1049
2207 3688
1960 2491
1263 4437
4534 4708
8924 4122
8176 8118
4800 833
2247 8168
1093 7725
5607 9775
5600 3503
9653 9516
9751 3930
8717 8206
6236 2447
8147 3782
9429 2925
4807 4139
5638 2508
4199 6232
8587 1464
1606 2392
4802 2807
3397 8039
6126 9286
6249 3339
8438 5513
7669 4054
8810 7851
6663 4003
8465 14
98 3029
1159 9439
4324 4290
3082 6087
1457 1357
4556 1817
499 8642
4833 7612
2878 8212
8219 6676
9458 884
9252 7713
9395 1983
9127 22
2466 9382
6708 851
1776 290
1331 6281
459 3856
3537 9983
1001 8856
3771 5928
4524 7376
5908 445
4918 3560
7782 6702
9894 3468
7570 8803
8862 9875
8215 8205
9080 18
486 1517
8827 3160
9330 4418
676 7459
4961 4124
3778 517
1123 3794
7612 924
1556 2922
7611 5417
7971 9646
2424 8142
8948 1376
1593 180
1417 4263
3004 3237
9909 7195
5477 4080
375 9712
8459 3287
4499 2528
2800 2334
5732 224
5160 3968
1316 2368
9370 8289
1691 3814
6829 9970
9540 9677
8462 2519
2384 6024
908 6782
7539 9767
8966 3335
1647 4697
4247 521
5728 1218
1373 4900
9806 8523
2290 1235
5994 2299
2625 6247
446 9980
2914 3885
2366 5386
5665 7684
2662 6124
7999 7246
3728 2807
4236 7152
6179 4518
1386 2515
8656 9551
7182 8333
9636 476
4038 6170
503 2039
2566 4287
7685 9147
4580 3695
5027 3791
3609 3963
1792 2434
5262 2728
1380 8297
8635 6540
5435 1158
7836 258
3122 1
7092 3238
1454 8996
13 2882
1050 9909
8082 3910
5055 6943
872 3420
8376 2126
8777 1990
2656 6123
4015 624
1471 3577
1540 2021
3641 6999
5071 6829
516 8025
8029 5760
544 6468
9724 9234
788 222
4254 3469
4744 2375
6678 5014
5733 3154
2127 7545
1931 8796
372 4779
8795 1143
6127 7032
2957 4038
3619 6912
1758 508
1392 1662
3270 6967
7827 9222
7346 5316
9233 8591
4975 3644
7096 2532
3309 4343
437 5634
6857 4590
6277 7322
1992 7168
4897 9833
9647 9771
110 341
3419 7500
9860 9919
4547 768
3752 6346
3533 4207
3704 9233
7001 8389
7326 7395
4477 2789
6955 2094
355 1483
6666 8894
7873 1438
8891 7057
7652 649
8448 7923
8138 7917
940 3284
7138 9149
9837 8248
9104 3315
2452 4967
9338 1865
2970 9709
4155 63
7835 5958
2583 9864
844 5159
9764 1021
5038 7368
8678 6109
2498 2478
4373 6293
5201 9461
1826 8994
924 470
7065 2494
2337 5632
9462 6332
481 103
1113 8028
4462 510
2095 137
4829 7647
9430 4449
8185 6691
8263 5543
2780 8840
35 7220
5334 8785
7132 1876
2142 921
8065 830
5093 4834
2191 5040
5628 7430
7221 8245
9875 7896
7674 7009
6061 5641
6719 5430
6628 4256
7888 5919
7729 729
7059 3090
3621 4328
4162 9562
2279 3197
8123 6131
1976 4399
7373 8134
7840 3007
7640 6125
353 9330
261 5139
8030 5347
514 4052
5768 5793
758 8090
9026 3888
1237 6657
1972 125
2139 6244
167 3522
6951 2119
3015 2054
2376 3059
5362 5805
2401 1786
595 7996
7766 1262
7714 8714
9282 4089
4032 6961
4125 1802
607 1707
605 2629
4903 7053
1143 3635
2792 2942
4798 9222
7564 5775
7056 3299
1777 1885
4388 8958
9750 2904
8538 9630
6222 1454
9079 6763
7557 6609
8689 2499
590 7007
8474 4869
8866 9522
8043 3365
4608 2509
1889 9280
9340 7230
8903 7701
9957 9187
3951 5090
4640 4802
3853 7447
6975 6734
5286 3498
8713 5282
8684 1202
1114 1076
785 2796
4648 2407
2317 7983
9046 1345
8578 1778
5321 4432
5319 3486
9628 9772
3838 8134
2597 3407
1623 586
1864 9351
3651 3420
8154 1072
3722 3115
3474 1064
4259 1067
1111 9260
4224 53
9130 5812
6986 4441
9606 7744
6220 1538
792 1726
6035 1441
6129 1680
4374 5008
905 4564
8687 749
2357 3340
2345 2064
2512 2697
9145 5695
6819 5103
8654 7993
8662 6852
2305 9356
2544 1831
3575 2385
9877 4097
7192 1286
9225 1232
7188 3803
2525 8457
4037 2298
5831 162
3393 1776
5579 5806
6607 9191
3693 6816
9443 233
3556 5690
6137 5251
8778 3583
9249 4156
8781 7993
7813 1401
4984 6452
7185 3058
8342 2086
6599 3507
6797 1693
3526 7283
7110 2451
8730 4601
1774 3206
1250 2017
7619 1888
3551 225
3938 7320
2987 2281
5814 3774
9874 7314
1435 1370
4312 3739
9165 6150
9419 8665
9422 2583
9227 9032
2450 4866
5020 9329
1261 721
4375 1836
4921 9210
2985 8442
9305 3510
6119 571
4122 5605
8317 767
7718 6643
3893 8352
7145 7111
3806 1174
478 9439
1324 8726
5508 2066
8112 7592
7452 9394
1056 9504
3747 3630
9316 8929
8525 9902
9842 3217
900 9265
7044 7113
3170 5060
7062 8832
4267 8063
5694 7830
4161 2489
2085 2371
8430 4887
223 6423
7552 8269
3276 8769
9465 6973
8919 4552
8557 1650
212 9089
2907 396
9975 2016
5409 9963
1982 9068
6308 939
8967 5161
6642 3384
6438 668
4458 7296
2333 1720
7313 5811
4632 8630
3327 6280
5327 8961
8172 280
4912 6612
1563 7622
5713 4757
7245 3675
6821 5941
9182 5695
890 4191
2354 8482
7797 8045
6667 7999
9996 5769
2894 6204
3667 7615
592 6966
5215 7524
2589 8372
4131 3901
4662 929
7678 305
1908 6600
6208 3361
533 7995
169 180
1350 2708
2966 3504
7798 2873
6928 187
2805 4083
1306 1537
9696 2442
5766 9274
8977 4969
4237 6111
7389 7084
2531 9599
4842 1609
776 5612
809 6827
7636 7044
4789 753
5730 4309
9298 1755
6537 1240
3599 6136
494 9849
2284 1121
8692 7009
221 8020
8484 3862
7343 2785
3228 2310
1913 3877
357 7923
4057 8027
2119 6921
8365 9763
8830 654
2410 4679
3538 5784
8618 8546
3039 1710
4189 7777
2641 8581
359 4566
1952 1806
9622 4380
8964 3491
4079 4483
1743 4564
4320 9997
8298 6593
4402 2831
9403 8090
4439 9365
9352 6652
2340 212
6301 8327
6753 5504
3042 8167
1642 2656
132 8580
4026 9302
4893 2509
5761 7308
3473 6652
4925 7730
3376 3650
819 4994
3055 9098
5920 3357
836 2210
8116 4979
3989 9262
9780 602
129 3827
5031 9039
7112 5934
3047 2953
5134 2534
2173 5917
9167 393
4506 9749
3016 6826
5029 8268
8334 5769
3214 2085
7121 8717
9413 9650
21 4345
4786 3436
9108 5718
7127 6584
4836 9964
227 8943
8203 4833
9211 447
9321 2199
9800 4977
4210 9031
778 4496
5404 9079
1812 9118
5389 1600
7086 5548
4257 4497
9239 8347
9594 4299
1823 6822
5722 6501
4878 2096
9993 6237
5482 5284
9868 5459
694 2118
91 8787
5554 691
3360 7677
8418 8530
581 9725
6699 4607
749 1143
3315 3357
2795 8645
4588 5034
9926 6080
2407 2149
4400 8270
3365 3562
6662 8379
2405 3381
5225 6977
8090 2148
2588 5642
9028 3820
675 9630
9271 1190
4435 6072
7351 8893
6896 6852
5586 2292
8755 5774
8039 6760
257 2356
9138 1445
5325 18
8355 5878
977 6223
2030 3747
1619 8563
2617 325
428 8133
3176 5616
8050 6844
4476 6221
8225 5074
7394 9368
8985 2346
8751 967
9115 7515
1995 8083
559 8906
4578 9806
380 3666
5130 3840
7482 8486
7671 4527
7464 1461
1806 4517
5180 3787
9630 9187
3049 6532
2934 9968
5370 8365
7682 9508
9888 1590
6990 1379
5266 5975
9698 8424
2562 4952
6721 7287
9222 8181
1735 5461
5043 3723
2406 6111
2951 8456
3757 7885
9941 3999
5094 1349
5778 5970
4299 9911
6468 5962
3871 7745
5922 1508
2940 4425
8801 8340
9681 8461
2183 4262
962 7187
2269 6850
4651 2374
2353 5768
8949 3492
2684 1336
8246 4923
3007 3653
9109 3395
5169 8193
2766 6045
4384 6148
1231 4507
6827 1557
2927 9817
387 5182
9898 9719
691 9446
9565 252
5386 8303
5421 8044
402 901
2643 5753
2820 4457
7281 7458
5300 861
4225 9170
6521 8828
7175 5352
3832 4030
4389 5331
7419 9874
7701 2455
4414 5844
5222 7798
5203 4161
991 2259
7413 2803
9545 6991
8434 4405
8508 8930
8547 729
9518 189
9485 5697
7071 1637
5179 1431
5986 9588
3205 7073
5264 7196
9796 3573
958 5110
9929 2434
4899 9241
3729 9799
6626 7624
732 2355
3037 5657
5587 8499
8779 6371
6932 9314
9186 7410
7129 5955
1225 1832
6994 1168
9351 9779
5198 9704
410 1125
1456 2206
4328 6656
9892 7059
4853 1420
7303 7695
7472 4847
791 5924
9809 3987
7453 8352
8517 7119
3250 3967
9262 2794
2846 2773
4542 641
9379 2474
2250 311
2717 6600
8864 5954
8913 3208
9279 2149
154 2913
5717 6722
1062 8403
1820 6578
9514 7699
441 5383
7438 245
3068 6815
1326 3741
192 2226
3833 924
8845 6576
886 2122
9951 1544
3321 9779
7711 7337
4185 4618
9555 8845
5755 4604
8441 4693
6863 3332
5779 6760
4847 1790
1640 8366
4511 6648
1659 6970
6469 320
8548 10
256 507
793 4596
1808 1362
103 2458
2329 5579
3220 6971
7157 4416
1425 2988
3501 8645
6371 2203
9567 7791
8385 4055
7480 8974
452 2487
4279 5506
9784 6627
4907 3728
7036 4742
5401 5592
5884 3000
12 1820
7764 7340
6745 9333
1245 675
4193 1941
5777 3383
3665 2213
5084 8652
5009 499
5937 4572
7630 9032
6192 473
7739 5466
9234 2204
1749 283
5618 3545
6560 8122
8028 6173
2053 5504
4723 8729
9746 3999
1822 4696
6291 4861
8836 6862
3520 449
8252 925
173 3283
3146 8276
7095 6604
1119 3774
239 1964
8129 4114
4858 3768
5516 2580
6771 1105
8060 813
2933 1896
767 2583
930 2135
2441 3437
718 74
1073 4610
6942 7793
4035 2991
424 4000
7676 8532
842 6200
1903 1823
3850 6580
5000 6786
1531 8511
5210 197
9166 9122
3682 9633
2527 5819
435 5626
627 7839
5408 9068
8601 8390
4141 9672
1177 4323
7101 4245
7791 4851
101 2833
6063 9747
1319 6975
4013 2918
9490 5797
9826 7995
5923 821
8583 3556
6323 7045
2796 9592
3339 921
2558 9960
6606 2919
9436 6826
6437 8112
9936 2878
6523 3250
769 3650
1064 4937
6168 1996
6790 9872
3162 6389
2233 8531
9700 298
3592 7702
868 670
3492 3240
3770 2904
7936 7318
4249 5873
752 5687
8832 1488
6493 6452
4326 4308
2578 1151
8500 7610
726 7987
3759 8806
59 7613
2704 6483
1569 8453
9453 3463
8681 4789
9715 9232
7795 5417
5687 5658
4857 2878
717 2001
3274 6563
946 4843
2252 1274
8445 6206
1991 3822
508 4329
8792 3143
9723 5616
753 757
3355 6435
7484 9036
5290 2071
6037 4329
6517 5671
4331 164
3851 2456
5609 3390
8614 6893
1448 9266
4751 484
2579 1922
2759 3004
8799 9497
7819 8895
2546 7086
1633 563
8881 9573
1307 1858
9192 7559
4815 808
4752 3098
6334 412
7799 6712
1271 5713
5302 8080
9616 2939
362 927
7627 9933
7854 9564
4211 9338
5693 5459
2168 673
4706 2715
3793 8127
2714 5785
1096 659
4063 7876
5277 8205
4714 4557
1130 3398
4201 3475
3696 916
8221 6602
7877 1051
9950 6475
949 6105
8192 1636
7786 1894
4762 6457
6950 9580
4363 7478
2412 5589
105 4012
9043 2461
3914 2045
6072 6466
4620 530
6872 742
7362 86
7839 8102
1204 2346
7565 4776
430 3426
2501 4808
995 3215
8584 6432
2194 2596
8189 1748
6706 757
4870 7837
7002 4782
7578 5932
2595 7654
9933 4941
5827 5923
2377 8867
1707 7476
8764 2840
265 6034
5274 5457
3187 2443
9931 2620
9486 6136
1300 3238
751 9769
8938 5823
6400 7420
88 4997
5735 2239
6982 4108
7114 673
3297 1310
6991 6945
2738 9360
1420 1225
8111 3866
6292 1321
420 3866
5879 48
7902 9088
6146 8024
1005 6724
3367 1470
4540 1857
5689 2155
388 387
9463 6917
3161 4720
4404 1613
7920 7196
1717 8906
9054 6648
479 4801
2235 755
3576 6329
702 545
9341 164
2018 125
9609 6301
8450 6017
7449 4226
8901 2970
6770 4310
4715 3241
969 5611
5528 2658
8079 238
4915 9739
6641 6823
2877 4692
8205 2290
6467 9880
657 6888
3188 9618
703 2906
2217 7648
8563 5136
9170 8594
8010 1558
5339 8559
1682 9513
1879 6977
2694 6845
3955 674
6604 7232
2013 8090
2073 868
6422 9363
3743 3832
3695 3676
6799 6034
7833 9994
7993 3702
2857 6679
9097 9295
431 9007
439 489
680 2021
4549 7114
1643 6956
8776 3356
2145 9005
2321 4564
4149 1283
7865 2553
5100 3057
1957 3954
5083 799
8636 6691
2730 8652
1211 2699
6113 7829
8280 578
3059 4878
855 9221
4052 3955
5168 1022
8588 4458
7518 9552
3394 9764
4861 5041
8404 7155
4879 9362
3946 3942
2679 1928
6940 7579
4627 6111
5737 7280
5345 4773
6781 2167
658 9267
9472 5583
6591 768
9822 5324
1902 9683
5474 6111
8870 301
9776 301
3764 8008
8344 7785
4137 4688
8944 3988
663 1505
8197 5066
5352 578
7451 6188
8952 4102
5350 8763
6502 883
3303 892
931 7413
1549 1563
6085 4953
6272 3754
5863 4931
3311 4488
5457 8013
3133 6426
3128 5988
6669 6380
5757 5589
2253 7442
6254 9867
6613 7869
7487 2686
8201 4868
4885 2952
4528 7937
6905 3449
9590 6623
2690 5938
1718 4225
5727 8086
1768 124
1627 7651
2487 5792
6510 8034
7177 1448
9870 4811
2681 2242
9389 8181
6946 2686
6702 6259
6075 2445
7067 6694
6552 4115
7905 2571
7853 3715
2319 2030
5315 4482
3281 9999
770 7196
3498 1279
7663 4609
3643 867
6918 3609
4099 4163
5839 7082
9040 5308
9846 3328
7479 2644
7823 8165
4718 6178
9655 2506
5343 6178
2458 7861
7848 1260
1570 6928
4051 7218
7227 3136
219 5741
5206 8802
9824 275
9489 4884
2923 1246
7783 5096
2287 6767
1166 819
8983 6540
9363 2879
7810 1164
5744 7660
8981 2567
9131 2826
235 3058
4994 5767
5858 3895
8074 9335
6338 7076
395 1442
5251 9230
3824 4682
3987 7101
6758 2478
6659 7349
4865 2610
3034 1139
4595 4971
8594 1610
6900 5302
9695 5726
1407 9189
9364 5031
8322 565
2767 4293
3292 8853
8847 121
4592 7742
1722 7576
2276 8409
421 1564
6218 4272
8471 4269
5364 4211
9409 1609
2550 8478
3358 6476
926 8250
6679 5217
466 8085
9964 1041
3414 5757
67 35
655 3982
6336 9768
8817 5431
1293 8676
7829 8907
8991 2063
3543 3691
81 3717
4719 8453
8245 4976
9908 9154
6611 2069
5680 2004
9879 6288
3088 3926
8271 9193
8565 1085
7801 638
5410 5574
8290 8299
2470 8583
3628 3011
8693 2145
4676 7690
4255 1459
552 2592
386 5085
2952 1326
4850 5942
3801 4744
9850 5677
2644 5104
5868 3748
5438 4601
3495 6128
5394 8075
9599 8976
360 1228
2174 16
8715 381
3322 1020
1983 8743
9859 1844
1723 5063
1191 993
8008 7083
3476 8679
9912 3585
4005 5571
6762 1970
3805 912
2973 2827
2881 42
6497 3401
6608 8399
7424 8728
3259 8732
3072 7398
4285 6762
9088 6567
608 8620
3218 9882
3372 1747
6605 8623
3402 3255
2444 3344
8571 343
100 9135
9248 4466
3320 5939
6322 9989
9456 5864
5811 4542
9428 6744
3664 1121
8619 2186
2390 1274
1411 3553
6221 1922
7444 7700
1410 1280
5030 153
9148 2895
4856 8052
7789 1829
4385 8359
7174 8742
8429 4758
1016 3123
6027 559
4062 4277
5876 1927
9657 2539
29 3438
3883 4043
3773 1231
1493 5350
2051 4526
7123 9237
5200 4286
1253 3577
6380 3359
4503 4963
679 4386
4766 4196
1929 26
8821 6936
764 2769
3616 6027
4539 1882
6423 9650
5183 6917
625 2502
6653 1949
2836 4703
4186 2757
4687 5524
4167 1432
9763 8390
5008 1123
5626 7439
8626 254
1450 6359
6561 4959
6304 8873
8032 7784
2146 3098
8308 9216
5487 7944
9405 8661
3842 211
6600 2067
610 5315
4342 4945
527 2964
4316 2384
2758 3199
1626 4404
7583 9104
8275 7172
6996 1237
7077 7271
3515 9538
9178 2384
9970 5683
9208 5858
5865 8438
1988 9562
980 1697
8908 9401
5916 2636
660 4770
2171 46
4164 243
9857 3873
4646 4268
2753 4879
2941 6314
920 2412
1185 2405
3864 7335
6567 1914
6657 4849
9778 3872
4190 7619
6816 5291
8386 3369
8631 7092
862 6756
7006 4253
5305 1880
4105 9176
1087 4271
906 2973
9710 1375
4699 4101
3478 6106
1369 2007
994 2162
7176 6090
9391 585
4585 8369
5414 9961
1180 273
9343 5524
282 6081
1819 762
8645 814
6028 966
5022 8431
2842 6265
3589 3450
6461 4766
4765 2965
9426 8727
4196 1041
6582 9085
6684 8639
3427 202
8637 4549
8743 8014
4678 9174
4522 5923
2884 9292
1268 1600
9433 2956
6376 8853
1904 5820
5602 8
8304 2113
4974 8598
7409 6634
1025 6625
2310 6943
9459 8117
9315 409
4691 9382
885 5166
594 8828
2917 6985
8080 1363
4717 3875
1107 535
8613 1874
1939 3872
65 2137
113 7490
9994 9426
6448 8119
4574 3652
1964 899
2040 2168
7555 5404
6508 5572
8846 7241
4976 1599
3964 1435
4486 4707
2210 716
2065 5968
4317 3983
3725 7058
750 6277
8427 2265
6987 8351
2535 2881
8139 9392
9733 3305
1104 2048
4068 1013
9754 441
6690 9311
583 9438
8731 8057
319 5737
5429 7907
7083 9004
6742 3075
7843 6451
1666 5872
8454 5372
1351 8068
2161 5602
866 2025
4696 2738
1839 8438
1632 5187
4344 5801
9068 3139
2446 5626
1451 9779
1653 2676
646 3486
8240 4969
2984 7260
3809 184
9358 1546
9968 748
6757 9865
4867 5921
9882 2073
1240 2562
7822 9880
6375 4707
5254 427
3705 7252
1228 3492
5104 4044
6898 9304
6621 8046
5801 1761
4429 4919
9241 9254
2299 1277
4438 16
9571 5054
6386 6089
6258 8023
5013 3891
643 7195
469 209
2306 4416
5531 8219
7693 6661
224 2927
7629 3432
5281 4053
4007 7760
2143 3283
4978 9714
6226 8199
7415 2266
5873 652
8153 5427
1662 7358
9917 1760
2912 1485
4986 8736
9971 7242
5402 8513
8199 6210
2608 7089
1940 7087
3921 8269
3111 9398
5664 4138
5234 2454
3936 1813
4568 9382
8333 9267
3723 8254
4959 5762
561 7414
3756 7193
2814 9457
7605 6197
6939 983
619 8664
7168 9753
2126 7213
7466 9019
2779 7358
8408 7061
2197 7413
1404 6997
8236 1572
7517 3618
6253 3484
979 7199
348 75
1230 3551
2231 5579
4490 7536
6683 4788
7728 7709
1553 5096
342 6739
9963 4255
2212 1562
9588 6372
1517 1357
2271 466
7598 9233
3354 2737
9017 526
7577 5030
1588 5473
3193 3627
9979 4617
7427 202
7422 990
8499 2336
7215 5190
748 8971
1631 3697
1980 8739
9919 5119
5403 6099
8617 2708
2734 5437
3847 4866
3145 6179
6637 9808
7866 9289
5067 2808
4670 2337
6270 781
6430 4423
4121 2168
2896 8098
6522 1906
9479 5694
5832 9880
314 4561
6337 7971
6793 1887
6689 1970
5580 1232
3166 3910
1678 4223
4195 4370
4739 2437
814 3981
789 1828
6424 2546
134 1999
6426 8964
6302 3550
3835 3242
5675 5931
6572 7005
4053 8090
6676 3640
1539 1493
3929 32
6564 9394
8593 7111
3527 9417
1544 9715
1498 9890
8095 2188
5860 9073
1285 7844
4033 7622
9421 616
8640 3867
8965 3834
3241 718
4436 3050
1332 899
4213 7788
1103 5639
8646 2207
3266 9020
7054 2615
6868 4804
5718 1956
4294 3670
6009 184
5648 9824
8403 7638
2112 296
4276 9796
912 6213
1069 9488
9820 5515
9707 6867
9112 7268
6694 7124
468 8065
8971 3586
9420 5886
7256 6760
1337 5475
6489 6533
4656 5705
291 5490
2133 8793
7009 2710
457 3520
9559 6643
4967 988
6029 402
5128 2341
4529 421
2804 8909
3626 9998
3421 4674
736 2627
202 8591
6512 1427
1679 495
6865 2812
9240 9769
5740 7028
2242 4074
8490 8479
6372 6421
162 1576
8417 4008
4708 1388
3803 6286
4917 9933
2570 6377
5608 2698
6870 412
4097 7173
1769 8798
8858 185
3614 8639
3017 5222
4376 1286
852 4551
3172 9741
3926 4782
1121 4521
3011 9740
5296 4906
9924 191
623 6720
5066 9904
2572 5093
2283 3339
461 5023
2634 3821
4047 7499
6439 7550
4446 2010
4133 6740
2343 6079
5569 391
8444 3482
2005 465
198 9289
540 1972
8590 4761
1453 8063
4238 2622
7258 3590
3780 1009
3269 25
7903 8888
1878 7720
5081 8629
8211 455
498 3730
8824 1437
7120 8447
9218 7183
5736 100
7776 2619
4042 7220
4208 6242
1846 5687
1558 8804
7741 2753
3335 9863
5963 6216
5881 5856
2964 623
1200 1627
1907 805
8260 2611
801 746
2320 2964
5097 5167
7531 3310
2996 9909
1359 3299
7901 9195
2205 4928
9402 4622
7855 2071
5953 3378
4287 7585
3489 7934
3343 4352
8541 2751
3433 389
5444 1051
5588 5700
5495 4113
7745 8857
8031 2451
1529 2108
6060 5468
5140 5061
1278 8698
9067 6404
4969 4162
4887 3682
2003 7989
4352 8441
4492 5757
4119 1545
1542 3552
1548 2622
3184 1110
1655 9940
8945 3215
287 214
5060 2736
893 2989
9411 1894
2087 631
5387 7554
1195 706
9134 4159
9792 843
4958 5417
172 1645
366 2809
31 153
4243 6638
2415 8652
7495 3908
685 5957
206 6
2288 5072
9168 6110
8904 780
5558 6191
3532 8323
8575 976
2069 4354
2654 3591
3617 5468
1958 1139
9214 9285
5356 829
2899 5543
9322 9589
6873 955
5460 9882
8745 3779
8191 4996
9438 9496
6845 2512
2448 6106
1354 6142
6191 4090
1667 7518
7995 9926
6259 1500
2108 5971
5051 454
5886 2570
6055 3057
3602 9637
3507 6309
2563 5688
7717 3201
4840 8753
5208 7577
2854 1927
1670 5726
9905 1795
2784 9954
6474 4963
1850 2005
3598 6049
7787 5122
9719 9243
825 4818
8526 9133
3422 3821
4725 3627
2942 2996
8621 540
2665 5638
813 6047
2880 8175
2706 303
7263 541
6051 3491
2585 9201
5550 2232
6648 3125
8451 9079
5991 7365
6008 6284
3631 5175
5175 177
329 2535
7075 4808
3703 7259
46 6412
1683 734
2251 9390
9254 7731
937 2334
3391 6466
2188 8546
786 2184
5250 8152
7093 1112
2852 1879
5103 7837
4241 9391
5077 7743
3536 1181
2059 9822
6969 9006
4905 242
5663 7695
121 21
518 8369
4883 7528
