10000
10000
3520 7069
8457 1588
6788 699
3523 4658
8786 9622
6039 6602
2592 714
6615 3981
4833 4656
233 2939
9203 3037
606 5031
6548 7959
8347 8620
375 9163
9795 8306
8417 9925
2698 8278
8872 9457
678 433
1426 9145
5811 167
5050 5010
4669 5299
7524 3077
5525 6770
8281 5576
5470 7159
3764 4614
3090 4877
3433 9876
2552 6581
6347 4007
2256 1388
5449 9269
1394 1430
6021 2220
104 6066
701 6542
729 9339
4940 8491
8028 18
5779 9077
1035 8421
9131 1478
5507 608
792 3294
7256 1807
3911 6494
8771 2780
4990 9773
6863 8489
6779 9521
898 9780
7252 9475
7262 8333
2432 6027
5519 3248
4292 6287
2457 8761
8482 7961
9679 3449
7641 9354
2366 5108
9834 1067
1996 7584
8791 67
8404 4049
6469 2163
2949 6614
4125 4955
8291 3946
7251 2149
8027 1294
7106 5473
879 3062
9580 2143
4839 6920
4979 8440
5094 4013
475 1895
6165 4383
3539 3091
8391 4545
2163 3145
784 5381
4790 4554
6203 3624
8843 1406
1975 6737
9789 1613
9645 8077
8199 958
5239 7609
1053 1780
2113 2085
4453 8178
5511 9239
3727 4606
7273 5238
2358 9320
5957 6488
4717 4375
1283 4227
3471 2029
4250 7671
5695 2356
5156 2175
9310 3870
3949 146
6970 9139
339 7874
6435 7523
4863 583
9389 2413
3454 7077
8643 5619
1763 2938
4977 4726
5662 2485
6027 6211
7018 9324
2681 4649
4399 2898
8787 813
8668 5200
6438 4019
2611 8447
6312 520
8361 8424
112 7208
2773 4287
1691 5251
3003 3847
3900 1550
7395 4354
5657 6999
6624 4631
4009 4662
7247 6125
987 1022
6656 2682
8969 2084
4715 7907
5717 4915
1117 9026
1374 3190
2069 8339
2697 5438
2107 5989
2462 8503
8493 3082
9883 6391
789 6685
4000 5117
8683 7693
4199 6662
2045 4621
4558 9926
6549 7325
57 4599
5864 450
6508 6552
3415 7128
5823 5019
7864 1671
4056 6720
3953 9276
1820 5994
3431 5568
1906 7341
405 1083
1754 1729
2862 7189
3453 2788
8129 6795
9330 4421
3921 7760
3823 561
2178 6354
4088 1141
6721 3212
8186 9729
1004 6538
6511 2386
8583 6374
6416 9505
5649 3101
9313 8480
6139 8594
695 5623
2266 852
6152 4513
4245 3893
1047 3108
2123 9506
7233 6939
6545 2543
5749 4123
3016 4827
6383 9457
5046 5393
5853 532
3038 6053
5261 6683
6792 8673
922 3259
2391 8085
4662 9492
8998 8628
6599 2570
780 8516
4469 2023
2764 5740
6257 9650
4938 4094
2682 2192
2852 3226
6686 8397
9590 3786
3133 6172
9993 9156
8490 3163
344 2676
2238 2758
4513 6256
597 3836
464 5386
5567 7408
5294 6039
4967 8987
1963 115
1943 5723
9090 3358
74 7791
9581 7776
5720 4570
2680 2348
3610 7254
7214 9742
7764 7196
1032 2951
119 1296
5377 7439
2470 8767
9152 4780
1126 831
3885 7685
2475 8563
1903 4847
1672 1703
3292 648
2034 4944
13 2973
7117 7385
6042 7360
2690 218
9111 4868
2720 9403
9707 3085
8499 7497
9060 5046
5604 2542
8541 6145
8201 9420
4759 3561
5474 9570
669 8699
2776 6972
4932 38
410 6432
8572 9020
4714 5475
8337 2415
9717 3717
5460 7964
4424 9879
7001 8255
1282 8741
2242 11
9446 2752
4736 560
8644 8266
1124 2773
4520 504
7254 4727
316 5733
841 2188
6270 5993
7603 3247
8459 4279
325 329
9644 5905
3054 6109
7400 204
5739 6867
9297 874
317 6302
7538 7046
1932 6565
7575 1463
2963 7264
6915 2807
2240 3441
4599 6156
9593 8086
1534 9368
9642 4316
3154 2233
4017 4915
2100 1564
5677 1055
6547 3445
2696 8869
1069 6411
4296 9065
4933 5617
2995 908
1245 3626
4084 6603
6896 7700
8144 4400
9244 1838
1104 953
6140 2269
9296 6639
8257 89
8507 7538
4463 9727
2737 4642
8522 9274
990 8116
7537 1519
4912 446
8085 9758
2715 7967
6706 5991
9492 3195
8278 3933
649 4494
4378 3216
4440 5471
5904 8057
4561 7215
2228 5767
3000 736
7407 4682
9510 3714
5425 4597
2302 3108
7413 6198
7747 4565
2314 5084
4482 177
7914 5652
1093 6938
7023 815
6414 1625
1067 8008
8090 542
3342 780
1892 7085
2884 8970
9824 4756
6784 6553
6946 6051
4566 1460
63 2809
938 6948
620 727
1129 294
196 152
7615 5419
4748 1589
6188 317
5952 1116
3180 5730
5940 7816
9487 3628
4699 9781
8720 7559
1487 2365
3379 9069
4341 7837
6852 4594
284 8197
4920 8228
9115 6882
1517 3195
9243 1611
4196 6838
9664 5578
9139 3035
2363 9111
9772 8840
1682 2630
9916 9333
1638 804
8319 2501
3868 2114
6107 3772
1377 7721
5143 5555
2955 73
1038 8446
7794 4097
6434 9095
10000 3436
7014 1818
6641 8636
472 3878
2166 3186
9410 6420
897 8408
216 1573
2990 9807
2896 5122
2917 5315
4337 9517
3545 7306
1706 6840
5748 4475
1704 7937
7907 385
2379 780
2261 9522
5216 1278
1700 7109
4937 6477
1710 9956
8426 9818
7060 8296
4694 2327
2996 6286
7589 4447
5228 2946
9491 3622
2104 7963
1318 2783
6978 1367
1268 9924
6992 8213
7498 7383
7436 1362
6186 6933
4593 7112
8113 6827
8170 8495
3969 9346
10 4889
2453 7313
2833 3428
1292 4580
5481 4836
9462 8750
9627 8352
6138 946
8983 7740
8008 6867
3202 5075
8980 2218
7280 9430
2579 1662
1439 5953
8431 756
7565 5691
3609 8863
1310 9918
3494 3033
8195 9752
3864 9702
5133 5962
2700 1717
1951 147
9830 6070
7330 5851
3279 2988
7345 7399
2133 7220
409 4993
2543 5905
713 7700
3455 5145
4454 7280
9445 9783
1827 6466
8154 1110
1950 3851
331 5131
2236 4461
7500 1427
3985 8482
7574 6191
774 2864
5366 7989
3784 4954
3249 9903
5218 5815
1251 6090
1134 340
529 4963
3298 4280
5730 4588
4158 3468
4059 2835
8354 7860
5869 804
241 6757
2469 8452
8559 2549
1679 7755
7556 9002
8330 5216
3319 942
87 7093
142 2106
8697 1795
6479 7976
8694 8347
2922 8431
855 591
1512 869
3024 8508
7187 8606
6120 7252
9901 8125
3862 8500
192 5528
2216 7837
5453 7168
959 2963
709 9496
555 4264
5577 5505
2473 5274
8076 1876
8793 5314
7150 5694
9269 1184
5247 3756
3617 3279
4995 813
3291 8866
8495 8968
4698 1664
4491 4910
9521 3869
4388 9523
2279 9669
3933 7926
2745 5413
8599 1370
1762 2826
4793 4813
963 4250
3362 5915
9906 4393
3162 9541
8725 2267
3341 3310
4287 55
8162 2676
3964 2479
2091 4009
2352 9408
5531 7406
7941 2523
1869 4384
6379 9719
9422 1675
7992 1429
7107 7361
4879 4789
5152 8270
1794 173
7652 3242
1904 6496
3346 7971
7034 8993
670 6676
5097 7053
8567 5799
5426 7283
3360 426
645 8655
6365 5787
7210 5377
2173 2010
9872 536
8778 1787
8845 4434
474 2800
6722 2671
7478 9727
6718 8637
1816 688
7297 6983
849 9385
9153 5321
9546 2477
8582 7133
3254 1260
4726 5398
9540 1236
7162 2225
5928 1513
7788 7629
2604 7713
3467 2726
4609 1380
1836 6740
8458 9936
6279 3219
7845 4555
6345 5053
2548 1173
6908 481
4872 5599
2138 7037
4604 9731
2540 5517
4867 7866
843 9167
7294 202
1271 1191
8657 2919
7448 3736
4112 524
8904 1220
1315 8091
8249 392
2621 9097
5544 6367
7676 8966
1837 8595
305 8050
8215 2285
1026 2016
3554 7914
8310 6056
8124 5537
9564 7552
626 8212
1890 6545
4588 397
6191 6411
1846 3720
1765 2830
8021 984
6867 4961
9741 4762
3440 6381
2085 7545
7151 3316
4868 1006
5971 3380
812 7788
7650 7487
5318 9321
2420 2927
5528 3746
7289 5879
9429 2303
2927 4889
4861 8127
9344 5481
9876 8429
5922 7626
5871 5844
6810 913
467 6899
7543 9131
2449 7735
5742 1499
4128 3209
483 5683
285 1782
295 5691
4525 6456
1456 6224
8956 6201
94 2371
9980 6405
439 1352
1518 4043
4401 1723
8348 6149
4061 2854
2847 2306
2350 6855
1949 7839
5921 9505
7277 5489
5283 2189
2756 9947
764 3787
6170 7905
4266 3132
4152 5792
4503 9772
5323 8271
8753 8289
5786 1386
2221 1222
8002 6457
1383 5889
3205 6832
2319 4018
1274 1153
8384 4686
7617 2220
9017 8737
2124 1496
5264 1869
9912 7789
3412 3288
7186 9218
7509 4106
2616 1128
891 3211
8973 3416
327 3887
817 7423
8893 7462
7701 352
6273 7065
139 6510
3919 1932
8073 8094
2344 7146
3043 7072
1461 6097
918 7662
8527 9899
245 7409
3968 3166
4060 5863
5624 7461
6591 3710
8324 5352
1722 9597
1484 5880
5812 9721
4946 490
1224 5325
5814 552
9489 6873
8672 6160
8790 5488
6647 6835
1261 6647
1596 4156
6846 5095
6467 9617
4108 6411
6125 9688
3240 1251
6034 2616
3942 4635
2966 8075
4070 1731
6955 8851
8937 4327
6670 6286
2000 348
9846 8814
5096 4077
3810 2860
5287 7616
6081 1679
9537 8078
5342 9640
4994 2025
5148 3615
394 8330
3178 9522
8035 8875
790 5969
28 9372
8308 7196
5589 9130
2622 8092
8101 4807
5105 669
9700 6837
230 5124
1273 4160
1291 2667
8228 3968
1879 8627
4687 2578
9481 3732
1225 4684
6512 2695
9094 22
1464 520
5802 2709
1085 1490
453 2554
1822 6650
7037 6894
1652 4020
8290 2899
7751 2076
2732 460
7578 3555
9552 5735
5394 8701
5442 3509
8578 678
3456 4824
3328 5248
9686 435
6492 4212
1543 5753
1915 4111
6105 7932
1746 9340
2153 8558
4954 8593
1360 81
197 444
7630 4419
8323 4754
584 2947
907 8776
4866 3649
2498 332
2070 1765
8005 9430
1340 2129
2589 9167
9611 7353
5269 4112
7833 9398
4824 2754
1965 9781
4192 2153
8548 6747
6565 6624
2398 6862
8014 555
2684 2261
3615 3894
3632 1647
5406 1583
1630 7616
7968 6887
3290 6796
8470 4728
7834 3848
977 200
7314 9115
3235 8528
2839 4631
4232 6844
7645 7491
746 9637
3955 5622
3252 305
9731 209
7041 2012
8286 517
9051 7642
7146 4628
2705 9164
2064 2634
4905 4859
3724 9333
5067 6796
3125 4222
2456 3482
7046 2194
1668 8790
4655 5276
3111 1988
9999 5645
8298 8250
1432 1015
3421 2127
8849 5544
3302 4483
7693 5560
3004 7046
4816 6702
779 2159
6004 8762
8112 1937
9904 7093
9704 7772
6782 7345
43 5624
3404 5492
625 7931
5169 9014
3058 9662
4184 2150
6838 1798
3264 1150
7947 6539
4210 3283
5593 9714
5431 1040
706 4681
7559 582
4882 4082
2111 5028
836 1615
682 3037
6378 1155
5153 2160
819 5950
7832 7157
7843 801
9746 8664
1173 9908
7231 6104
5899 7978
3323 1729
9551 2989
7290 2565
9585 8675
5686 8818
1024 6772
8029 8426
2944 9250
9022 2150
6174 2801
943 5124
1670 8690
2175 7348
2206 2697
4986 7491
6374 1298
4321 6781
9756 1344
687 7105
4150 6933
8117 9804
5724 6269
2285 7512
562 7304
5984 7162
5693 4760
3195 6057
7410 2134
4743 4620
2161 5482
8995 7832
7779 4523
7953 3950
6904 1651
9315 1561
2786 8403
9745 2534
4188 464
3002 8052
267 4499
5564 5955
8844 7876
4928 2927
8719 5811
1926 1606
8159 7205
5020 5256
1196 6545
7507 6876
3018 974
8652 1350
6393 2300
380 3854
3700 104
730 5433
2304 8036
7861 3704
9476 9300
4390 2510
6316 8344
2809 3066
5559 1122
2709 7332
4904 4370
4620 5099
6202 9779
8078 5568
8772 1842
7398 8988
6238 7813
9232 6176
7853 3035
1823 3789
3532 4536
5860 9859
1169 2785
5245 8569
3343 7251
9206 2483
1578 7915
1720 5079
5371 7754
1748 7486
7738 6082
7287 5585
9843 3420
875 125
4011 8916
1761 6302
8082 979
3780 4360
6525 8467
556 1538
5886 8141
2964 6401
3936 3360
1955 1342
661 1406
7383 4752
418 1176
9654 4873
4395 3090
7566 1285
6212 9039
9556 4211
2273 1329
4207 1473
988 4988
8621 652
9777 2523
1298 5336
7777 3239
4630 7645
3601 3977
2573 9035
1541 7807
6780 4356
9406 3272
3073 6319
7268 4999
3458 5199
1280 5239
1933 210
6357 9070
9167 7440
8244 1862
3878 2593
9447 1818
5996 7228
2118 8964
1333 2260
188 1142
6182 2084
5737 9666
8765 1960
8741 666
3042 8421
1295 1600
8329 1054
7933 5294
2415 2028
3901 1728
5643 5716
6263 5397
7368 5557
4351 9320
8486 343
3607 5813
7713 4711
3036 3235
7981 7833
4405 61
3420 9897
6975 933
7908 3215
7787 6516
8305 7190
4584 9402
8613 2510
4200 2877
885 9309
2638 6204
769 5248
5937 9394
4159 6335
6187 9051
3531 4032
8594 478
2289 9401
8134 1975
679 1078
9954 7636
9218 3435
3978 8814
5030 6417
2648 5986
5825 3072
3100 5383
1302 2588
5747 4594
5867 2335
7090 9920
6666 6102
3490 9220
83 2203
3315 7406
3402 8441
5788 9387
4705 3045
1429 5286
1614 1048
5784 7663
3882 8848
9683 9010
1033 5692
1369 817
7828 6058
2005 1243
6272 6915
6067 6403
6789 9833
9568 6890
4326 8109
4608 3760
2471 6847
2587 3026
6797 7472
4763 3176
4003 5355
503 1326
5833 3765
4090 1731
6883 9122
56 5733
6047 2953
886 1441
9336 8002
5583 1571
6554 9083
8488 1250
5484 6912
7593 4338
1864 9562
2170 6601
3457 59
7236 2221
4591 3444
5197 3126
4631 7833
9058 3458
8842 6825
1525 7596
880 2903
3136 3116
7458 9744
4830 6180
621 8019
9305 2396
3665 1887
5772 229
3142 4694
5953 9717
1387 3989
1304 6967
9691 7144
7904 8893
9696 8389
3850 1897
7665 6678
1449 1234
5993 6784
1883 7475
434 7026
6874 341
7098 3265
5089 3041
9823 7874
5619 1220
5728 816
6617 1830
4404 2074
1290 2793
3439 5493
1231 1608
1707 7715
615 2203
7577 1293
5171 3501
9404 8592
1930 8711
8253 8773
8825 4129
5375 9222
7895 4369
7390 2296
7530 3714
577 2664
4156 1433
9044 7786
8590 8986
1485 4903
9212 8304
7875 514
9339 4020
6538 5486
1289 3684
9677 6463
2345 9703
1834 7930
59 3468
6310 4834
1178 1329
3258 1675
4751 207
3095 4811
3550 4361
6336 900
3766 1467
7211 4619
1071 7899
9323 6173
2215 329
2336 949
6742 5027
7136 3369
4939 7361
8032 6803
8128 2127
1322 6956
2105 3712
9424 9809
7885 2192
6240 3747
3614 9300
3207 2132
6518 9807
6167 3782
578 3079
7228 1117
1789 480
6564 7505
2767 4115
4237 2226
2320 6574
9578 5576
8422 7734
4201 6094
4826 775
773 5065
9230 1136
3294 9479
1222 5888
5874 3154
3817 5711
919 5272
747 6413
3701 4917
7340 8415
7889 397
4700 7434
7608 5913
4227 7688
1423 4730
2790 9662
3781 7245
9303 1940
5301 1688
3902 580
4465 7441
7264 1032
8656 5185
6344 295
2250 68
5211 1771
3172 5760
4885 7050
6510 6893
2068 1798
5502 4133
228 7724
3483 4741
8389 8292
4411 6112
5826 1728
8649 7185
5685 4733
2772 4271
2817 4796
3243 7555
3361 2505
3220 3554
206 8628
1247 8332
2534 8019
5532 2506
8283 7841
8500 2273
1328 6631
6197 5703
8479 3905
9653 6281
1478 569
8554 9181
1844 3425
8800 911
3287 8978
8288 6108
8068 3417
9235 7203
966 2183
8799 8365
8671 5728
2969 4427
6108 7519
1642 5073
4077 118
8699 869
2419 7746
8083 4325
8794 5613
863 4550
2559 9101
6628 7940
2992 2933
7303 6306
9997 4289
3330 5255
7792 9274
4641 9749
7616 3456
332 4932
4915 2841
7838 1518
6303 2867
9114 5990
5199 6746
7691 2277
4870 9337
712 8429
3603 5625
3591 1400
2932 7180
5288 9697
1958 1938
6049 785
7765 7449
6611 9890
4987 6077
5821 3015
2706 2315
6675 6825
9813 735
4943 462
7138 2939
1404 3402
5634 4158
2309 2916
7417 4216
1987 9376
3391 1493
8390 9792
9486 5045
9905 953
9875 7199
2439 1193
8248 5499
124 8687
5852 8618
7704 1852
6957 4424
3392 9764
2357 519
3713 5238
4634 8366
5552 3027
9165 7931
260 6695
9850 5435
1801 7140
9884 9546
7437 2626
6868 9238
109 6858
9151 751
447 9708
3065 7753
6862 3088
1472 1268
7329 8037
3519 549
2317 7525
7130 6159
3747 4887
1095 1215
9137 53
7664 5739
8691 1355
2924 5796
3535 9968
1005 2563
7911 8239
1688 9252
8187 5435
6700 3568
5856 9043
177 2145
7561 5502
9288 5705
3645 8318
2388 1735
3765 588
8723 6334
5343 3282
7126 8964
1811 8087
2930 2026
208 6042
1974 6822
4955 9608
925 5778
4252 6565
8446 6470
6455 1532
9397 3556
4412 8116
8563 2401
2179 9035
8153 5316
2890 1448
6142 2449
9345 2931
2628 1727
34 1129
5142 6248
7929 4150
5513 5566
2120 7426
6361 8393
9862 2036
734 3650
685 3204
8350 2938
9104 2307
8949 4282
7066 2823
4625 1003
5618 9487
9996 802
5684 1278
7069 8848
6128 4078
8050 620
7814 7663
7184 1422
6355 1844
1161 7998
2145 4342
8745 7073
5009 3652
9648 8727
5545 9986
1935 4523
5207 9014
5085 1939
8860 502
351 7803
1799 1397
7355 9891
8099 3717
8130 3011
5473 5361
4535 7830
8370 8973
3289 5421
311 5526
4067 7774
6386 5513
9019 6100
154 4410
463 8523
8835 6566
6319 7974
9456 3226
7655 1413
7278 558
1254 4958
5357 6075
513 7644
9279 8595
3907 1433
9613 9981
5522 7534
756 2535
2077 8369
5723 1250
9162 2658
1492 5513
2774 8481
6800 9798
3012 8462
6600 7206
2376 1257
1821 2946
9857 570
4976 5482
3712 7507
9355 4987
633 4513
6045 4611
4603 7203
3974 4971
9002 8184
8737 4765
3414 7823
5419 5346
2065 446
4030 1686
4257 6915
8048 2964
2078 448
7072 8459
9742 1851
9860 3781
3268 7665
8428 3350
775 4965
6046 6412
5317 6063
287 9732
8523 351
6745 1802
8877 9132
5701 9538
8761 9662
1061 426
8211 376
9567 573
4479 198
740 807
9079 4605
6730 4180
4342 7031
871 8589
1632 8509
2392 1865
4038 7566
9634 9276
9782 4939
2878 6740
6736 6573
4729 8433
7438 9837
6575 8296
493 874
7009 7946
159 6818
4044 8687
149 8392
6964 3602
1258 7947
1101 7810
8650 8896
1653 8703
1112 9102
8808 3868
3960 274
1081 4276
5082 544
9161 73
454 982
8077 7128
8543 3271
7312 8030
7067 2473
9705 4953
4756 7924
6796 8084
571 5519
4206 5689
7812 8297
1586 5653
9957 39
9078 6835
7444 2103
96 2390
182 8913
7685 7113
9117 6618
2937 2624
1121 5584
7082 7655
9718 9274
3158 1677
2960 671
187 5267
6497 3431
5352 1167
3115 7817
3349 7305
2251 2037
5743 5351
7810 4369
525 2057
2115 4025
244 3707
3654 3479
2130 708
7156 2745
4195 6432
8977 1296
2205 9910
6230 9968
5764 8974
5360 887
7493 7722
9271 1191
958 8165
8033 8528
5561 4446
5930 4535
5900 4659
9987 7531
770 2364
6096 3583
1425 6789
9320 3103
1587 8780
9408 6651
4036 1660
3501 2695
1417 8910
1130 6715
2676 4302
7999 5682
8732 4284
4295 3347
7923 8522
4528 4635
815 1328
1757 432
4589 1583
673 2470
9317 7973
4155 3903
6754 8053
9086 5982
3109 3816
6054 2715
4728 8578
4327 36
6668 9738
4663 75
9497 5127
6620 553
4166 7081
3884 5779
3659 1551
8038 7524
8615 5709
9726 538
3687 4066
2311 9261
7647 3739
5782 8584
9180 3098
4752 8740
9341 4141
1123 8949
9256 7107
9651 1636
8763 4067
8304 2974
974 599
9661 6946
1683 1851
7689 5372
1927 2193
3367 4290
5846 8900
654 9653
4919 3506
2724 379
9092 6518
9955 9374
1568 6870
2916 8835
8136 1396
9781 4137
8109 4124
5841 4969
7910 7105
5512 8982
1809 9682
2411 4869
6677 7989
8831 1476
3077 873
5185 4463
1566 3412
3846 6902
1977 724
1092 8138
7824 6470
5300 5316
5837 733
5487 504
7249 806
81 4760
6781 4936
945 8837
2155 9913
9377 7681
1084 9446
994 9043
6264 7986
5791 1600
7441 8533
2287 2843
9123 6052
7855 148
666 3653
2655 2284
7709 9441
492 7998
8696 3606
5262 672
6923 2882
3482 517
7605 1747
3515 3450
1412 9543
5916 8730
7284 8994
3890 6727
5430 3970
93 4869
8061 7859
2532 5741
7346 9440
8632 1731
1058 978
4886 506
2080 112
8585 9646
9343 1746
2799 3831
8034 1321
7250 5902
8837 1511
9820 1964
8802 4184
3011 1031
6954 7266
2057 348
2094 1536
7351 6538
1542 7829
7544 2551
2032 8123
6766 5992
5876 8696
9722 4503
4598 5522
314 9416
4191 7724
6406 4052
4805 6900
1585 75
66 775
1459 896
6376 3862
7662 2932
5584 8958
7820 5684
4396 1735
9934 5789
6472 7172
6079 8583
5006 7587
1296 6302
2022 3902
5060 4842
108 1499
4391 5657
8039 5490
5110 2505
2585 4091
7058 5630
8627 3234
1580 6394
8609 600
8661 2027
1244 3377
5187 6269
140 4342
278 7686
3736 1242
1557 6526
270 7887
7412 9935
7157 5485
4798 3606
1800 3939
9885 4624
3221 4058
8954 8004
1042 3555
6705 4445
324 1224
3587 4570
9976 8867
522 6531
8813 3307
5530 8052
6057 4854
9828 7742
7043 538
5404 6552
7128 8952
5138 9192
4791 6789
8896 6172
3692 4990
7797 257
2542 2903
2717 1637
5302 4969
8344 3326
3005 2641
7591 9605
5412 4984
2150 8681
8064 6017
6763 5380
6614 1217
6196 8387
2685 3316
6282 1513
9340 1065
1287 9997
68 2956
9558 5285
2316 9395
4354 3880
2073 1785
1141 3565
1076 8898
1003 6529
2760 4427
8611 5004
485 7296
7614 9543
3854 1542
7525 5903
4478 1893
3017 4921
7954 9378
5341 1918
6503 8534
7728 5938
310 987
9225 8572
7366 6350
2925 3585
5462 9436
9064 3014
6040 6364
9461 2524
4217 4307
1570 6111
2137 1616
5700 2776
8346 3780
1881 2379
150 7821
3549 1247
5118 5681
3171 8482
1473 7112
1711 9563
5243 6226
2028 7265
4263 9753
8714 5229
3954 551
2059 1502
7004 3646
8591 4997
1565 3794
8176 895
9545 5269
2184 9310
5162 5130
3469 9767
7040 5109
4878 9450
5445 1260
2321 2683
5762 2318
73 7560
1043 4127
7993 9301
705 6777
8356 6315
7397 8473
1398 7016
7592 7196
336 6352
2539 9129
7696 4806
4414 164
3129 4492
5850 1518
7173 1877
3245 1415
5206 8090
1817 9096
9938 2214
5200 8460
4855 9567
6068 4956
2208 7600
8862 7255
1884 8779
3841 3658
3602 5768
8378 5192
605 5260
6323 5840
7396 8020
750 834
8689 4128
8857 906
2276 647
7495 7388
1288 6315
9381 4498
279 3910
1375 9505
9549 9284
6094 1485
8284 2367
3568 2312
8409 6001
8119 9510
3463 2776
4294 4471
4318 959
2962 2233
8536 8474
4126 8032
7557 486
8988 7269
1523 730
5417 1135
6698 1795
5672 2148
9618 3107
7304 8840
47 945
5758 1073
4766 1078
7754 9415
7883 8308
6533 7487
1750 683
9670 5483
7628 7879
4565 927
3507 677
2247 6308
9307 3373
4847 8426
7112 8374
308 4451
9178 8925
8812 4613
7997 788
4917 567
7382 4221
2656 5010
4640 7988
9358 8721
7827 7962
6561 140
8749 738
9233 6525
7099 5914
7265 5444
4945 1970
2571 2458
878 6329
9418 5387
86 2683
2639 9439
8444 3707
7003 8769
7322 5437
1407 8558
329 4692
9515 2181
2512 284
3465 3662
5539 6065
1940 9647
9711 9268
5495 1668
8296 3848
9889 5948
221 4861
9689 2450
9223 318
1897 1184
1573 3953
1272 9143
5605 1707
8610 6242
9105 5372
8870 115
3604 5240
2671 5562
2991 775
9767 7149
1351 2479
5215 833
2942 5740
7469 3337
4441 7901
346 833
4672 5480
1416 8155
3110 5957
1558 9898
995 9699
1984 5090
9837 3980
9708 4228
7310 4904
9600 8981
6318 1091
2394 9823
3364 7405
6327 4638
4575 2490
6065 1143
1695 1402
7789 5482
7708 7032
923 3357
3396 6865
6320 8782
1068 8054
1874 6250
2087 2572
9861 1662
5652 2268
4050 5368
2844 7294
3525 3039
2520 1244
2129 3660
84 9655
3338 7568
6950 3616
4573 1692
4329 8907
2135 828
7464 9051
952 5883
6853 2722
4524 1674
6694 7921
8351 9326
8897 7386
8713 6172
1491 2734
8232 29
290 5119
2055 6641
2665 1338
9659 4165
978 9128
9678 1612
4172 6295
6299 6403
2877 3467
6601 6049
7646 5418
3717 7300
5632 9933
751 3268
432 9079
4393 9671
3266 2701
1418 5390
3990 1761
4442 974
6250 9716
5285 6614
772 5814
9808 6464
2434 3566
1714 7663
4452 868
7585 4354
5661 5158
3576 7984
3046 3928
5084 5755
4612 4998
5815 1392
5927 7485
8315 2511
4514 125
2731 4659
9154 6596
9045 5203
4555 8472
5103 1121
944 6148
5768 66
8891 9146
7857 1684
4157 4913
5673 457
411 4751
2125 2155
2726 8870
3008 7087
1253 7007
7769 6430
7113 777
1060 5912
6390 2707
5598 5578
856 485
4426 8477
4164 8388
5071 7114
4497 2123
445 5077
118 6022
5326 1674
693 2354
240 8715
5232 1028
7341 2939
223 822
7897 3111
5947 1142
1842 4524
2017 5967
3353 526
9098 2478
8665 6222
7867 6197
8598 9989
5158 858
6103 9771
8803 1754
890 4054
7767 3183
9136 602
1205 4364
2056 9030
1524 2859
7512 9335
2066 9400
3148 3992
2822 9780
1554 4605
163 6804
9816 1158
5246 5865
8782 1670
8332 5924
6286 9508
6985 7373
3802 4975
1082 4903
5989 6736
908 6534
1829 4581
9091 967
5000 1135
2197 1135
9282 5602
3394 7427
8123 6830
9900 2195
6791 3803
6903 8374
4379 4732
1098 2914
7975 2188
2393 2709
7051 3387
2734 3776
2023 4364
2533 4718
1447 4808
534 8340
7492 5688
8353 5435
9071 818
8287 5522
4219 621
8355 7193
9660 9539
4509 4680
2653 2470
3448 3468
3119 1182
2222 6946
6980 8945
9669 1833
9265 4654
2865 3428
2898 8720
6153 2284
5920 3534
1887 3227
3595 9427
9775 4764
8646 6073
2582 3600
372 6700
5822 4135
2783 3052
3527 3868
1481 1568
5186 8941
4091 2073
824 1033
7649 208
9506 7491
5308 144
2663 7178
3050 5974
9544 513
201 7932
41 5421
7031 7174
8345 6616
7618 6690
2227 9462
4265 8808
641 364
842 6801
2605 5164
9576 9625
4607 9928
6012 9751
2248 3291
9179 1410
4677 8539
8336 799
1559 3294
7586 9529
7758 2658
2490 1284
50 361
2711 7618
5663 129
5141 1300
4999 5792
6298 2085
6574 5650
6847 1689
915 2475
4645 2350
39 4285
2515 5208
2406 3724
1207 7525
4711 4697
3622 9059
4444 2269
1854 6436
5231 8186
2450 1982
5667 7713
2203 2129
7870 9191
134 38
4068 8557
6391 5760
413 5012
2506 1165
1203 7459
3867 6349
3098 6315
3460 963
3006 3110
2192 2538
479 6756
8382 9975
2046 1920
5831 2243
9065 7880
7511 9350
7920 3837
1388 7761
8037 4094
1871 2089
3049 2925
3081 4220
3996 3300
384 1810
7527 6206
8633 5362
9873 2138
4230 1967
2467 6357
935 3724
6405 2064
8115 5241
4212 5044
7154 7955
3317 2234
393 2734
7198 3385
3941 7106
2903 1590
8751 2034
8328 8727
6447 8341
9572 3760
964 5026
8975 7388
4486 2484
8238 2618
9142 4218
8464 7299
2509 1376
1692 8236
8256 9372
4311 6101
1181 361
2785 9364
2199 88
4315 4302
884 7817
7105 413
2142 5460
2983 299
2795 382
8081 3322
9393 3275
9845 8343
473 301
2886 3190
7131 9961
3908 1528
4600 4938
1621 6759
7807 70
559 5526
688 2214
1046 4655
4859 3008
800 8646
588 6688
6192 7805
3934 538
1636 8224
3745 6872
8762 7426
3200 733
2200 1341
8784 2991
8939 7425
3786 4601
4189 1433
8913 9503
6943 5608
4276 379
3219 2171
7049 3214
8631 1556
5053 6763
3682 8169
7869 9889
612 5098
6111 9626
9231 5428
8908 8138
1684 8575
6692 3208
2353 6423
2299 9597
7015 7226
3831 6740
2131 1136
9738 1792
5857 8806
8053 9218
1110 2385
8978 5784
1127 2575
1185 1553
3436 4656
5331 6265
8447 9295
3679 273
2659 8802
5578 4342
7891 6380
5073 416
1618 5009
5395 6491
1998 7420
8481 840
9195 6501
1349 5152
5070 7544
9736 9077
3581 1261
1521 7770
6566 8792
934 8808
3370 2498
4316 7244
2337 4403
9647 2101
7782 2386
7423 945
1235 5215
1297 8793
6747 4990
7159 2777
6673 4719
6769 7735
4450 472
5645 5670
9973 6893
7913 3663
7115 5181
253 9056
5587 4168
4462 5780
1270 2124
6940 2781
8406 9220
6828 4251
6328 3791
6008 695
1681 3114
7773 1415
5378 6410
9811 1975
4468 6259
7542 4557
5648 5
7634 1434
2328 6778
2664 5923
5913 9864
5568 1959
5115 6253
6891 624
1901 8048
1209 307
2268 9365
511 6834
7370 8932
2881 8411
6445 7784
592 5912
2851 2273
3750 3344
6427 2357
3779 5400
4688 748
9077 3893
1054 1479
1448 6916
7768 5648
6077 1632
2444 8405
5059 5076
741 4943
7026 8495
3618 97
9096 314
4041 7865
5320 8840
9910 4097
5601 2164
1792 8557
5510 6694
8454 2137
6699 9723
3381 1946
3574 3076
6280 2713
6887 4087
1872 2145
3627 4233
7305 9246
4767 1003
280 4084
9056 104
4585 6401
5376 7290
8000 4213
4406 1476
4958 5715
3624 822
1609 577
4082 2875
3668 5397
5189 2134
1895 3573
4860 634
4960 965
6321 4797
4518 4004
408 1620
246 1342
6253 7968
2081 94
8727 7799
6751 4178
6249 8718
5131 6407
2654 3432
4045 8158
3945 2928
4875 1809
8834 4450
5098 6685
2739 1327
1979 1619
3703 7416
2202 4744
6137 3117
1457 4018
1376 7828
8421 2888
4776 454
9965 9000
9175 8662
6539 2383
8069 5978
9986 3960
5745 3085
1848 4724
1981 3388
4106 9718
7740 4626
9217 7572
7005 3837
906 7252
77 9017
8687 6042
1795 3575
1812 8333
8838 5954
5774 5562
7232 5920
7134 8934
980 9360
1146 2361
9103 1958
5374 2789
643 7553
8914 2257
309 545
4120 7835
9874 9728
345 9725
7694 9394
2750 358
6433 2620
2422 6582
2646 1306
111 954
528 5521
4035 4061
7519 1474
3562 4556
946 8097
1743 5745
9036 122
5072 5598
6951 7476
1190 8894
2679 7133
7737 6754
4786 3799
5719 6184
1400 9095
498 9244
359 1657
3852 5299
1414 4669
8471 4242
3329 1059
2714 6244
1507 7906
5848 2661
8602 3018
552 1010
2939 4516
7272 8978
526 4500
3560 195
3725 8421
6179 7608
366 5747
7070 5172
1248 2830
6086 9459
7623 4410
7242 7222
553 5233
299 7824
9495 8246
9365 252
8565 7491
3538 1829
1715 1917
457 9680
1560 8540
4902 7691
8832 3411
8856 5639
7871 3798
7570 680
920 2910
5690 6484
224 3257
2971 774
5364 6187
3425 8357
402 5843
5776 1333
953 9960
9383 1998
2370 8546
3437 3641
3113 9653
7170 5752
3488 9394
1286 8345
5704 8541
4649 1521
5482 7627
8242 7123
8892 2474
2121 9561
6823 8803
1798 2370
6602 8090
1548 1579
354 3587
989 4126
7075 6390
4 8288
4615 7016
1687 9871
4299 3878
5781 373
5563 6835
9890 2554
2952 7921
4423 3709
7144 9163
8521 4181
6226 9913
7253 4172
973 9139
2568 8622
7545 1214
8317 7240
7572 9657
3203 7138
2620 2392
8239 4078
4141 7198
1303 1321
9471 8076
8483 8448
1151 7910
5537 8310
4681 5137
5119 7719
9030 7427
4144 4411
1343 9850
5327 6495
3497 6770
8015 8627
3139 9904
9371 6921
7367 8530
4140 2493
5440 413
8556 8823
801 1298
4455 2711
5386 7734
8912 4593
6588 6719
6654 7625
5099 5235
7361 7965
6195 4752
6959 9834
4431 5317
3816 9365
5381 5225
7373 6587
6767 5296
2096 3354
76 1784
3274 535
1612 7552
2580 1766
5503 8660
2442 3553
8994 2646
9569 2282
6746 1614
2743 4702
2090 616
4074 6082
1589 6305
3762 4057
3411 6866
1999 6534
1413 1436
1399 4342
7149 9465
8010 1752
4533 4826
9309 5642
7658 2137
370 7097
1526 7895
7299 2188
4799 94
3340 4339
2048 5184
5551 9615
5960 7381
5077 1276
2493 1935
9 9996
6757 4312
8372 786
8673 1910
1198 2629
248 5325
8515 9502
7736 1278
2487 8655
8814 5760
1838 617
9062 9919
5016 553
8930 7595
6101 5703
9354 515
6499 9085
2074 8531
7452 8975
5256 2906
1211 5048
9530 8705
203 6596
3358 2446
4757 7770
4487 6216
2008 1290
7796 4575
7888 4576
3893 9380
6255 4948
4488 55
4428 5603
3485 1179
2694 3012
5493 5210
6717 5086
4186 8956
4218 1111
1544 7519
1314 2904
2829 6113
1165 3511
8466 8813
3729 222
568 2147
6283 8993
9666 117
9969 149
7461 9768
3336 1305
997 8879
2741 3225
4614 3500
9436 5503
4016 2478
7822 707
7269 4199
6630 3948
121 5827
7038 6126
269 2051
4907 7746
910 8386
3648 4507
7643 1279
7375 1298
7473 6873
2324 5102
3843 6596
5608 2209
2079 6014
5844 2949
7518 5159
1583 3008
1163 1318
6461 4124
55 9200
2997 6781
6235 5528
9001 8827
1806 4173
5755 8988
5810 9012
6169 3097
2326 8579
9760 5404
1257 2227
4682 8622
8412 5931
1486 5962
9387 6278
6520 4861
8148 6333
4665 1758
5562 4994
6531 1719
5699 3912
6890 6553
2430 6276
3215 1229
7627 9746
5653 2730
6163 1539
7484 3655
1154 7696
4829 4631
8549 6718
723 2770
6521 4370
2349 3172
3740 2084
5146 57
8764 2318
7203 198
4214 9231
7324 5937
9449 547
6688 1565
1685 809
508 1492
9118 7797
1083 1281
1840 7860
6207 154
7583 562
2110 3020
6470 2334
5012 7013
3422 4598
6631 3117
2919 572
2811 2231
5182 1148
4721 3155
9226 4487
5204 8832
5013 9037
8659 5239
7243 2860
8440 6307
6043 6508
3829 1803
7318 2985
303 1548
8175 8717
9608 8417
2229 3471
1088 7651
8600 5931
1281 2951
9200 3288
4279 4215
4273 3721
8682 1188
4574 1617
9124 9407
4134 1984
3910 9208
5163 5338
5741 6056
7840 9843
9414 3714
3792 5197
397 3532
4094 2097
3991 1043
4746 7532
7880 965
9582 4257
6442 8580
8184 4560
6285 9044
603 8931
1075 1795
4956 5975
2290 4020
5423 9227
8178 1904
6595 3270
8250 146
5862 3565
3426 1375
1332 4876
5878 5836
6603 6281
6403 4916
2674 351
2369 6476
1510 5977
3140 7686
2195 8481
6571 6421
1056 9179
9181 4183
7599 4130
4310 9130
9332 3269
9507 1535
4385 6815
6963 5166
5095 6642
5220 8236
1016 165
7217 4762
8059 9274
5708 6559
3052 6217
9859 9228
8748 4816
146 198
3068 2153
6900 2482
7957 6923
783 399
6080 5701
7385 4477
5807 881
3880 1068
3886 2546
7042 9468
5022 4292
9561 1425
2820 8178
6233 4000
1678 7113
2417 301
5329 6776
4846 6707
8915 1350
5868 7179
136 4641
9720 6672
4145 940
7976 2279
6099 6629
6502 1941
8530 2957
4512 1527
5298 8085
655 8777
3706 1312
2771 3063
7276 9281
9298 1209
6634 7486
5879 5803
2900 2960
4039 6347
4394 686
6389 1811
8850 5259
8468 2377
4730 1231
3167 6838
9701 1495
9842 1484
3137 5939
8575 8796
144 6953
6481 3717
2033 6655
9259 2140
5358 4761
9053 6679
6594 1889
6334 4119
5122 8101
2211 3345
391 2042
1988 7216
523 8761
7255 1613
1931 5713
6268 2374
1924 5974
9314 6588
1171 758
7344 2567
1504 1839
6209 2845
9817 9622
8299 28
2423 8130
8946 4602
9146 1983
9852 3191
3605 7364
3410 9266
7849 5236
3906 1619
1359 8017
4204 634
6146 6151
7044 6795
5003 6250
7119 9197
8137 3017
1661 3119
7338 2062
2882 2834
5310 7783
3516 732
4244 8195
4306 8313
1210 2061
611 6005
4532 7949
6596 8206
2284 7383
3479 3833
9535 7558
3442 9985
3664 1531
637 7658
4472 3239
4418 1172
8246 5838
6709 1456
3986 1022
4738 4045
6930 5229
6157 371
8142 2773
2374 7781
9482 4867
3760 4880
9199 8519
3600 355
9939 9041
4119 7679
8236 9164
4427 7565
9327 7168
4909 1654
8300 2905
4014 2331
436 4550
2749 4824
720 7643
7742 6477
4983 9087
9166 9690
4742 4776
3324 8576
183 1113
725 4633
5839 2663
2636 8128
6031 2337
9626 3217
3741 9010
1849 8381
1725 2531
9109 7161
8280 4033
6085 984
7053 9423
6251 9419
8532 9665
6683 8884
9276 4132
276 7178
7994 1426
2218 678
8192 9085
4352 4893
2524 6970
7017 1672
2006 6580
1000 7618
7246 8224
6200 694
7622 5798
7989 6976
4784 1049
9641 3810
1259 6469
9769 5577
9793 5334
3686 3401
1571 8486
4063 6191
7379 6478
5037 9689
4029 454
7332 837
3365 7067
2412 9864
4122 9794
3795 9249
5509 8264
8111 3670
6618 5691
4530 2119
4924 7946
2550 1974
8052 4477
8107 3846
6247 4453
6245 1784
7940 6343
9373 7698
1726 3862
4582 1688
7188 111
254 1924
3145 8905
6244 1010
4253 7345
538 6769
2246 8930
1749 7492
6158 2596
5540 811
7391 1469
1308 5289
4765 8671
4913 7112
421 1398
6098 2450
8448 2496
5674 9720
4851 9554
8804 3736
7816 1375
1113 8444
674 7639
5526 4210
3669 1901
7925 1191
617 3706
9133 6445
6833 1034
8868 3134
4365 8903
2880 2533
5926 1398
1728 8147
7858 5918
7985 8614
1339 2866
3210 9599
3513 8278
647 6862
1336 2903
799 9335
5116 3297
2545 1812
4002 3953
7101 6613
2431 9899
732 1863
6861 4102
2263 1950
2504 6395
7039 8960
5183 9373
5447 6109
5485 2379
1319 4579
600 8012
6275 6069
9089 2808
1556 6405
3628 8649
7936 4874
936 8984
735 9265
9196 4744
7118 4065
7504 5270
8993 1315
5230 7525
8688 6340
6369 2313
1888 5174
4971 2959
5558 8528
6604 4311
8443 9816
4544 8474
4283 8533
4290 4718
9024 3602
6590 3031
1050 7532
1420 8869
2594 3576
3898 357
7918 5544
1902 5413
6267 4182
639 6391
7878 4911
5306 4474
5612 8037
8931 1967
3152 986
727 4889
6082 7216
865 7190
8894 7496
998 1716
9692 8372
6902 4714
4797 6418
6026 6644
1972 1621
132 8186
5630 3033
1619 8067
7195 3074
5026 6778
7158 278
2529 1682
9940 4012
8972 850
1354 1523
4579 9886
8227 8805
1997 7580
8269 3841
810 2814
3450 1260
7582 16
6794 2435
6449 1007
4551 2619
2895 6475
5885 4852
8625 1064
2502 5675
1615 3005
4832 7694
8526 4957
337 904
4146 4910
548 4245
8049 180
1045 9784
4099 9517
7854 7149
6605 8916
6938 1898
5081 2952
6820 8914
6129 6247
2204 3646
7729 2071
4897 5146
8030 3371
5117 8156
9853 7543
355 6502
3836 2462
806 7442
292 364
899 9427
7263 8205
3511 3403
9855 337
1893 2820
3977 9438
6356 9102
7529 340
2029 9860
2730 4531
1514 9734
8635 8720
1015 5188
1462 9495
4247 719
3496 2641
7549 8472
7612 747
5438 6245
5951 1495
6952 7824
1044 8532
7609 870
7567 7955
9498 6660
60 7498
6687 1271
6400 2343
4733 2638
1001 9069
6506 1719
6606 6975
7032 9986
6010 9330
162 9898
3435 4822
7584 86
9825 4675
2984 8038
4163 5094
5611 267
4085 196
9936 8738
5670 1687
9363 4506
3234 742
1150 9480
5292 3040
4508 7046
9033 3565
896 4552
894 3660
6816 4990
5880 4632
3827 2559
6429 916
7966 331
9368 2097
6126 2690
3643 3756
2513 4811
8869 1178
3552 3320
2547 9564
5079 4520
9357 6927
3503 1691
6219 4116
3272 8826
9629 4425
3638 7077
6100 6041
9827 3576
3424 1294
8680 1941
8509 8854
4845 8947
6154 9485
1606 3395
6916 2889
6385 6866
6802 6688
4927 5754
426 6310
4344 2312
9882 1959
5008 5232
2001 8298
6231 2714
6504 6981
5980 4890
5508 4046
5252 3151
6798 8174
4012 1286
80 5000
6351 2528
1602 4649
5136 8796
1309 2547
6136 315
3824 9258
2291 4444
7114 4507
422 6122
3025 9196
3809 8810
4723 3440
7239 8972
9787 4343
8934 3387
4149 6513
8767 9196
5517 7577
1345 3294
7374 3954
7333 148
6262 4556
4777 3164
5154 9399
5177 2660
3777 6788
365 310
7354 3145
4490 6999
545 6461
4537 1634
9597 5298
7901 734
7494 5808
520 3072
7619 2332
6194 2553
5655 2124
4957 867
7631 6342
5075 9067
338 898
7096 3067
7982 8243
9419 6417
9350 5499
8267 3109
4043 5956
9803 9314
7207 9378
5339 5931
2701 7196
1277 8757
4485 4753
8393 9229
9198 1127
3275 781
6168 6016
858 9284
739 7723
7288 4925
4429 8487
9208 2715
8655 88
5966 1890
5499 2199
5372 2856
8506 1058
4502 6604
6640 9506
514 4552
5188 4785
259 8029
2277 3822
7846 2457
2427 4457
3007 9726
1415 7529
9685 8774
6211 915
171 5442
8839 8298
6252 5514
7175 8607
8108 8933
5968 9541
6906 3989
5536 8236
3244 2384
2214 6088
8240 9502
924 9705
4114 2722
9189 4775
5906 4376
8535 5290
4142 761
4422 1577
7074 2269
3544 5694
6633 9393
8092 7300
2647 9773
5629 2967
6819 9283
7087 2989
9013 9395
8395 7288
8480 1650
3839 4330
7185 3080
8925 1211
4719 637
8041 3632
3588 9784
4109 3585
6702 2047
6216 7533
7327 3816
6693 4652
4671 6038
4277 6997
165 7530
6166 8830
9170 5474
8095 645
1279 192
6155 9088
967 7149
5384 1206
4118 754
2921 7320
3280 765
1155 9845
3763 5346
6276 6316
1502 4505
502 1241
9518 7757
2828 6371
7927 9138
8385 7355
7996 3421
5045 2179
7449 8782
2597 7184
3444 7385
5212 6643
1701 4961
1758 1467
4549 8854
504 2943
2012 4480
8701 5206
4023 5176
1480 5084
957 6423
2189 7760
7137 5581
8607 5159
2584 5102
1865 109
1337 5047
5196 8567
2418 1587
1441 6366
2401 6015
6265 4091
4376 7983
2270 7247
5244 8970
4621 9037
7548 3889
3698 2204
2868 2011
5875 1284
6471 3580
8467 5851
743 3018
1216 4612
7629 7789
7475 1175
2226 2285
9464 4302
8145 5334
3297 3527
306 5072
8816 8867
5635 1095
500 9905
9108 8908
2629 3469
9126 138
4357 5922
3730 9552
5049 4776
9913 9529
82 6361
521 3324
9168 2913
1183 8967
4213 5350
1182 3249
1194 5098
8342 6240
2477 2742
1361 3562
4578 3267
6291 3227
9448 3642
2978 2119
6713 4198
7863 2152
1156 5928
334 6507
1858 7249
2754 5484
2293 343
5178 1060
5088 1935
9093 1665
5961 3117
9709 3284
8494 689
3107 2492
4918 8403
9207 96
1708 3333
4272 8284
2858 8213
4510 8935
589 1101
7552 9595
4764 8791
5911 5793
6625 7098
4642 2394
9699 5334
2928 7256
6608 9215
3168 4884
9695 5238
4340 8914
1520 2646
5520 1641
5421 1959
8806 3068
7102 2983
4629 7935
6016 6728
8146 8317
3872 5748
8760 457
864 7442
1833 835
9566 7352
6981 3839
3476 7618
7387 4820
862 8513
8006 8433
2058 7392
2753 9477
726 8596
1252 3393
767 7169
3860 6865
8114 8222
2826 9830
4529 7104
8932 7029
7050 5128
5622 2017
4583 6110
8475 1406
7841 3600
7684 7631
5253 9918
4381 7866
6132 4015
9453 8959
5202 4404
6117 2154
8058 9537
2845 6943
1540 4317
2911 3057
638 6736
2448 1030
3557 3069
3083 5334
7558 7067
2201 5856
9946 9147
1774 3742
3079 112
2403 6963
3979 6530
5865 3183
1408 1006
1234 2745
2177 465
2953 6782
8047 920
7844 840
3398 7623
6468 6667
7302 1254
7683 9540
1144 7980
2437 7987
2436 1493
3521 3860
166 3140
6880 2168
6761 9754
9609 30
6387 2870
4536 4696
7688 4808
8312 40
6983 9948
9847 1277
7739 3118
7143 977
3197 2431
8285 6813
9800 8809
653 3642
9039 612
7093 6889
8496 6389
4302 5781
2642 3158
5180 8661
9877 8785
8511 7161
8807 2967
8167 7273
2114 3193
9758 8038
9480 7329
8398 9910
9854 1922
5805 3561
322 3439
587 4085
2254 4221
6 5962
1175 3733
4415 243
3194 9896
5992 7089
8829 2626
9488 676
4168 6511
7439 6057
14 8218
4360 8103
2272 658
7421 1219
1483 6655
5351 1580
8408 2428
6708 6728
3758 8988
8962 7654
8418 6006
5011 5893
4356 7007
6201 3632
7 3410
2912 3547
931 5055
7481 3951
6939 2339
78 1090
7716 1005
8016 8150
2098 6484
1249 170
8919 3253
5108 965
2501 1016
895 7007
9227 6698
2719 5503
9003 3940
1505 9180
6296 4904
7109 6767
2993 7737
2637 3503
2026 3035
6689 7041
7196 5686
9921 4904
3044 2104
4285 4832
3888 3685
694 992
1246 8471
2025 5189
2483 4067
8651 6138
3285 9821
2373 4663
2920 9693
1810 5795
2397 226
2181 1305
135 2918
1694 4109
3377 6465
9799 6283
3192 7810
3085 4568
5173 4932
4962 7421
6568 85
1978 6644
6637 8497
3961 2444
9601 815
6873 2755
8455 7738
126 120
9592 6029
1766 8403
710 7695
3371 1153
2693 3693
3418 4199
8789 8852
1466 1845
3939 5280
8577 4209
6917 6292
6546 8739
3198 4216
4251 5386
2838 5982
2119 8158
2645 8642
5631 245
6075 7717
7316 9033
7682 1697
4644 7324
8316 5182
7194 7528
733 9315
8561 5721
6224 9725
1907 3409
362 3363
3999 9022
3947 9022
7409 6156
7428 5368
5155 7849
8503 787
484 3537
9773 5587
3592 5372
3510 4516
9127 9512
6748 5073
1087 6375
9367 2593
9176 9902
392 5020
2340 8759
2310 7403
5808 1330
1499 7972
4364 5411
2479 5970
4670 6716
1634 3927
211 2677
4209 4094
7969 9165
9737 8572
6752 8261
4779 8484
3251 4792
9844 3250
4438 821
9008 7793
9141 9039
6242 5680
7092 6837
4284 3909
7734 9679
6074 5250
4611 4865
6573 1642
2063 953
3123 2360
5571 5199
6662 6865
4660 8100
6612 946
2217 3352
4335 6270
4006 2998
7943 7618
8525 4235
8580 8279
4853 4478
3889 2366
6023 9519
5884 2678
3486 1567
8545 1539
4167 2077
277 4312
1193 5248
2380 8964
7360 8561
7326 3378
3916 347
1536 8266
1094 5810
1018 6870
2650 9969
9095 4782
6483 625
3196 6755
9880 2554
8648 3620
9280 6281
6679 6336
6912 7709
5268 8213
8743 8341
5489 1371
3678 8608
7073 1015
7973 3567
1 7029
2053 274
4559 7473
6205 8299
5219 1647
1199 886
8277 4471
9672 8931
5048 4214
2857 4795
9014 8300
1186 2739
5542 1246
1582 2002
5144 5805
4639 7852
9191 3664
173 1924
1496 1913
986 4899
2854 7415
312 268
3089 3840
7369 8685
1300 9004
9920 5241
3239 1425
1269 4420
1100 8648
8508 3955
7204 5627
7285 447
242 5417
2188 1669
2185 9678
4935 397
9028 4685
6015 4146
8899 6792
5830 3850
5241 5887
7679 2016
3035 7191
5277 5262
5190 7099
5311 1637
7950 599
9201 9941
9649 6066
8976 555
7784 6757
4046 5972
7823 5076
8473 530
7780 7778
4725 8840
4563 1757
9907 5329
1342 6275
2796 7795
4377 6642
225 3556
2830 9474
8819 3850
2607 393
8555 3657
7697 4770
1896 2342
2974 4915
9698 2530
4685 6161
2047 9150
2463 2518
6432 7848
2632 9137
3599 844
1488 3579
7971 3897
1995 6531
3508 7251
527 7479
6560 9073
2127 8742
5963 8490
2286 4068
1773 6928
6133 5210
5102 5430
2583 4642
4448 2418
7506 9271
6544 8650
1019 8795
3946 5338
448 2791
3804 5042
9681 5017
9532 9295
4959 3372
9503 9126
6060 598
2821 4824
3146 1001
5324 8291
5773 5495
5332 1740
2183 2181
2667 2561
8544 4726
6817 5674
7778 6638
3681 5583
8553 8652
6325 1851
6476 7603
3357 4829
8055 4337
6672 6694
3306 3393
1752 3738
2049 4657
2908 8271
3702 6904
7274 4639
2354 6779
7726 8892
1877 5238
7520 3569
9021 5769
2948 5524
1131 6969
3837 3018
2507 4343
8776 6746
8196 958
716 204
455 2941
3278 6289
6363 2439
2241 4550
3819 5694
2823 2565
5523 8363
8581 5197
2503 4236
147 3723
6925 4038
2288 4541
4538 2675
302 1775
4522 6819
4692 7991
2489 7722
9364 8860
7670 5117
5344 7809
9439 5544
7292 7666
4823 5495
6926 579
932 641
271 8495
9687 8936
4413 2226
5902 2142
8243 6757
5086 1606
1644 4479
5069 2983
2643 6782
3387 6411
3621 7951
7260 5691
662 3481
431 7567
333 6851
9188 3754
3156 2348
1768 3831
4516 7941
8531 8134
3711 3728
2688 614
4499 7312
1909 832
5683 2295
914 5182
3590 1482
4517 8002
8094 3964
4944 436
6851 8843
6787 1193
8987 9052
8785 8425
4093 4439
8878 1370
9721 2640
8282 5321
7830 1253
991 2687
5157 1030
8403 825
2019 7521
5248 4166
4840 4876
275 3415
7802 7693
834 2224
8702 5674
7564 2740
7532 4575
4010 9350
8964 9845
446 5333
8759 6058
2497 8214
9285 1970
4226 2964
313 1962
1824 3307
5019 7936
8852 6779
371 3997
2864 5916
4595 49
2346 3751
5809 4784
6651 1692
7800 8546
471 7032
5291 8340
656 1121
9211 4303
9145 6280
8340 9195
5924 6731
3427 5665
5969 1588
2869 9809
2725 7184
5083 1232
247 8747
6258 3869
9135 1264
9072 1757
5590 8458
6500 3311
7955 4614
659 3969
5284 6538
3188 2571
138 821
6924 7362
7899 6362
480 4810
6555 170
8501 7258
888 8929
9273 2468
8796 8313
1138 6971
5422 4876
6886 839
6638 4744
2157 7996
5801 2900
3284 4216
9441 8107
5260 4101
9177 4376
9911 7535
714 5087
4996 8559
6659 8750
5266 7264
8620 8889
62 3611
7460 3828
8922 8180
3213 7753
9361 6705
8982 4836
1458 3631
5373 2345
1876 7310
3551 6260
8364 8087
6822 7359
4720 2112
1074 5238
8156 5094
3530 9504
4914 244
357 2310
4890 2139
9502 7520
8320 3405
5795 1396
608 2873
6498 6971
7719 5102
4964 8750
830 3251
5931 5875
8560 9609
6480 501
176 6505
2122 5861
7502 3113
3873 4
1628 6542
1168 7497
3620 294
3994 2545
8628 212
4080 5100
2237 3877
6488 1732
6227 4618
9054 6068
238 8411
9898 7666
1793 8750
6088 8583
1226 2416
5842 7745
2465 5060
27 2026
660 9245
7035 1206
5687 9303
3929 2867
5465 9473
6234 7579
8685 4451
1370 2200
3403 5205
2914 1978
2751 9139
3261 4939
7161 3529
5738 9406
5222 7080
3640 6531
4511 609
731 8163
5894 795
6305 7471
4221 9764
1620 9329
5681 5299
3709 9833
8795 2711
4605 9986
3733 255
8579 8308
2485 1156
8149 6973
9037 1936
3134 8572
8570 7432
7783 9024
7358 887
7200 3528
9542 4341
117 7530
5104 4005
2812 9250
2887 1022
1089 583
7513 4105
8695 378
551 8553
7733 4723
4228 5313
9616 5340
168 655
7422 5958
9264 2519
7580 930
8158 8398
4434 5304
7865 9265
115 2820
6229 320
6937 1084
6777 9385
5840 1918
5132 1803
8442 2204
5907 6865
5027 7145
1433 6917
1629 5849
1937 2254
4034 8510
2824 529
7805 9085
2249 2925
1262 7048
1410 9565
44 7310
8102 6831
8744 3816
4997 3956
6932 1750
1868 5084
598 750
5265 5529
6712 8739
4057 4436
3526 5437
6109 6576
3150 5838
3744 3568
3801 5671
917 5873
4887 3694
1597 6148
7516 296
3653 1108
5090 9064
8573 7789
4747 908
5313 3873
5715 7629
470 4779
5898 3440
9379 9559
1727 9221
7055 3059
4129 90
2454 7360
676 7664
7202 1162
3039 6922
3956 8470
2843 7489
8046 1839
6534 3000
7850 4300
3565 670
2598 1368
198 7006
3009 1781
5575 5483
9870 8043
7983 8003
4435 4988
630 7917
2781 1117
1363 6124
9274 6481
7987 5184
190 9621
5918 9835
5780 566
9338 3476
4170 1340
9467 2957
1938 1987
4225 4781
6885 3386
5767 4251
9739 5862
170 9695
5985 3124
9082 9424
7446 2450
4437 6825
6866 3942
3022 4688
6528 9438
5140 8587
8263 8828
8338 1952
6826 305
3647 441
8906 345
6019 5124
7637 2464
3212 8309
1097 9592
7672 8875
8075 6644
6271 4474
8432 4034
5586 8864
7416 3656
9725 1483
1946 3411
5991 4803
6177 1670
3543 1330
3694 9523
1021 8056
7666 5353
2021 1182
7533 4142
3998 1227
452 6268
9031 1163
6710 2448
7010 9599
4229 4759
1017 9793
6078 3991
1265 543
2872 9663
4781 2872
412 999
9474 5263
7887 9370
7534 5049
1807 5169
7215 4116
5166 101
100 4559
3378 3960
9612 6708
8150 5242
1617 4203
8811 8757
3635 6065
5760 1917
9778 7519
9366 2790
5697 6414
8019 3561
596 9536
5549 6937
2492 7152
6113 6375
7625 9889
2549 1199
6426 2734
7551 2399
8747 9340
3186 6293
9316 51
4704 6236
3032 7789
1325 8883
5237 5449
2531 3152
1180 9178
4007 6595
1973 8746
6965 3485
3461 3610
1522 5482
5368 5523
8165 9752
8292 861
3789 6683
153 4696
8805 3414
8314 1556
406 5475
7218 3894
6920 9948
2265 233
4948 3587
6217 6025
3181 5853
6367 4328
8004 1759
7078 4437
8333 8806
3120 2755
4741 8427
194 4601
7946 710
8325 1875
388 8393
6949 8384
377 8058
1527 2730
1366 7666
9881 4542
3541 1044
2003 1803
4187 9151
6616 5879
128 8486
7405 941
8924 8053
9768 5983
7380 2895
8413 3077
9335 5160
2410 1897
1006 2021
8231 4474
6570 4490
501 729
9294 8440
4409 6811
6543 5730
6973 2799
7746 3072
7692 2666
2278 3641
771 7728
5093 7867
6991 721
1538 4233
6768 8993
364 2393
8155 3077
1839 9802
2052 9788
5644 1243
1599 3358
360 2956
690 2321
3783 9428
3332 4833
5888 5632
6507 2823
3102 1656
23 9521
4241 9863
9245 2524
1453 9493
9583 6975
1255 4158
6878 8564
2093 5740
828 9851
8866 97
5194 31
5184 5302
8012 9419
5038 8727
3451 9646
547 6456
3375 840
4858 4519
450 6153
3464 2217
9914 4503
5002 9361
804 6238
2755 5265
3047 4291
5944 9247
9897 5236
7948 6930
8219 6223
2517 5913
2652 2178
5547 7780
7308 3796
8997 1166
8157 3258
4689 8753
3912 1272
2635 2342
4086 8779
1646 3130
816 4699
6055 5330
7047 1439
9975 1689
3639 4016
8550 3049
5555 1114
7523 5803
512 3869
3572 2238
8900 3293
2143 1041
7924 9340
5972 4885
4113 1378
4331 6518
1482 3961
6805 3552
9134 3481
4101 2576
4534 1714
9110 3776
8902 5473
9158 1754
3432 3984
3822 358
6241 2222
6639 9895
2269 9639
5607 6518
361 8364
7563 1896
788 8555
2689 6296
3477 7660
2677 6978
1633 1859
3084 9435
9038 7823
6198 8545
6485 5247
7642 3763
7581 3231
1545 1628
882 6783
9631 1149
928 6239
5469 537
9362 6294
5713 7171
1256 2820
9849 8749
5633 6866
1535 2063
4259 5167
6894 7979
4382 742
6341 3798
6635 2060
7488 1335
1772 9276
1022 1216
9917 3691
3642 309
7965 7488
1796 6580
8589 5652
6306 850
6441 9143
9047 6539
8576 1656
937 1918
7261 2608
6372 30
6928 7770
1158 9384
4031 8604
3106 8869
7467 8259
1115 5961
9832 6051
2117 3473
2934 2141
8774 1731
2905 63
2187 2959
8984 4148
1329 8653
940 8143
4568 5697
4771 518
3524 5509
4787 1268
517 9032
2766 8575
1344 8074
9246 682
3055 8302
5817 7065
9656 8286
7594 1189
4246 2759
7208 2230
6801 5348
1341 6915
3429 3603
494 686
2499 2348
8485 2679
2468 4586
8235 4748
3241 5744
3121 2642
6059 4533
8921 5467
5111 3378
3973 3245
7730 725
1732 6237
5348 7625
1581 5979
2661 5420
9818 2772
1992 8780
930 7941
696 1788
8366 7291
7168 6784
2402 5862
4638 7676
6922 4819
4801 9778
7394 9213
5345 6371
623 903
3875 9615
6832 9658
4089 7797
9977 6047
7388 8087
9248 5105
7514 7332
7990 1598
9321 1110
965 6773
7347 8083
3863 7114
5170 2268
1929 6254
3926 6018
3236 4558
9573 557
8616 4851
5603 5100
4489 5870
1153 7235
5039 3178
8331 4514
9405 3577
1899 5341
8241 84
9879 9499
9838 7869
5224 8516
2982 9516
591 9980
8890 1976
7120 975
8574 2310
2027 8801
7663 3921
8996 6093
7271 7324
3086 9335
8710 309
3785 7509
7898 7148
4819 9212
5390 7076
9743 1861
5129 4588
4707 2719
4843 703
3649 2482
9290 4508
1563 2389
407 2046
1301 2563
3714 748
330 96
4772 3159
9130 3566
6473 8709
681 7420
2798 58
4560 5742
8658 8143
7142 2705
2112 3280
1495 667
286 389
2239 6188
4269 3960
684 285
9663 8678
2651 7964
1411 4294
2519 5711
3904 6962
5457 2259
213 2844
8626 3164
3759 8606
9624 7022
9751 2506
1105 9098
601 6914
1891 4083
3903 7644
2518 3591
7432 8916
7148 8248
4923 6082
5771 9557
4349 2260
274 3283
4507 5169
5964 1867
9628 9673
7022 6099
4775 7556
7798 4529
2443 3357
4792 8423
3556 338
7928 4126
6375 6740
1590 7033
1805 1224
913 4332
4242 747
5650 4322
5785 2990
2537 3329
1859 4780
5637 4619
3094 9659
9801 2097
9384 8476
8735 5298
6649 4267
2959 2893
6960 8047
386 5580
7309 3053
7339 9989
7721 9945
2446 7008
4174 259
3041 4741
3318 3208
6795 9405
2414 636
1669 1158
6183 7179
3563 8026
9348 7494
1330 7294
2633 593
3401 9493
622 9262
7133 7901
4548 1667
8637 7069
4727 3748
9754 7842
1188 499
7013 2095
5042 710
3354 2361
6439 3385
6353 7898
3847 2868
6580 6145
2761 2021
5314 8639
9856 5456
7235 6794
1671 3469
6289 59
9209 2
905 4958
3010 6684
9063 2057
4198 4094
4806 3976
4789 9327
6743 5148
4474 6683
2832 2503
5816 1538
4270 1210
5114 1283
9840 2156
2977 8687
1166 3647
2051 8400
8911 9820
1658 9601
9555 6337
3932 9651
3045 941
1713 216
6381 332
6428 9787
1500 870
1294 9699
9306 7152
5363 2467
5051 2449
2728 3144
5565 1134
3584 6948
8445 8856
6178 5584
8970 922
3805 202
4505 2417
9197 1515
6052 2254
6484 4702
6091 7061
9011 9075
5092 6563
6373 6634
7496 3987
6072 528
7894 7424
844 9948
2888 2153
2426 8797
7620 604
8967 6130
5915 8966
6586 6481
9221 3748
4883 8934
6888 6713
5201 8914
1430 1705
5263 3024
950 2392
3176 39
4131 43
6530 3059
9964 3418
7732 6818
3026 2258
5602 1565
4055 1812
8210 1768
9496 9693
9300 9959
3273 2269
4569 4878
7638 3671
264 3916
8088 7489
9633 5678
1148 779
718 7478
5538 1159
3677 9827
1673 9134
2871 7707
9579 8265
6315 7909
8096 5472
6358 3879
840 9275
2007 4125
1735 2613
2618 3590
1780 1009
663 6667
3917 291
1195 1154
4498 3976
2933 5507
5448 6358
497 6080
7029 5615
4541 3593
7125 9746
9527 4270
4769 9182
4111 8716
5367 1861
5160 600
4052 7366
252 6653
8562 1699
5783 7309
7653 521
417 8744
3335 5660
2818 3503
1352 5243
2043 8368
3529 3521
7470 133
4054 449
6030 1463
7012 6154
5746 9975
1444 436
294 8005
6172 8099
8492 6742
2929 5090
5543 4710
4809 8261
5752 493
7002 688
7610 3664
6135 6510
4622 7429
1191 7010
3030 9643
557 1978
9372 344
1219 4272
3293 9028
1944 2801
8752 3851
6652 1258
9066 771
1645 3524
5658 3957
2758 5891
4338 5982
8755 6830
9896 9336
5790 1886
7084 8061
6728 6652
5434 5076
8669 3600
6579 7901
3184 9891
3988 7411
5353 547
8360 9109
3057 3513
9671 5529
4138 7071
5209 5564
1533 5779
1736 9228
6855 946
8593 1459
8780 4910
2083 8510
3548 5581
3347 1750
576 5236
9729 6091
97 9370
8718 5702
1920 5109
2038 7727
7227 8092
9658 2767
9417 765
1623 986
8392 9876
5889 6022
4467 4839
5198 2727
6843 6128
6558 6664
7480 3335
2099 7206
3082 2627
9589 1574
6073 3764
7424 6179
3553 6360
5213 3414
2134 87
9863 8409
9325 7075
5429 7296
3001 3696
7065 8363
1717 9334
5896 4094
2522 5742
5744 9465
8504 3602
3675 9129
1957 9485
8126 8503
3350 4553
7442 6328
2779 7068
1880 4680
7576 1080
7349 2686
9512 4857
4430 8844
3406 5640
4820 195
5527 944
8516 1718
4894 9907
541 245
5765 3922
4420 4815
1598 4332
175 4637
8434 2627
5572 6960
8234 7548
8110 7516
4123 2973
5939 9899
2160 2858
4929 4935
4380 8884
6871 3118
382 1604
8730 27
9334 3750
6149 78
7426 1068
222 878
438 2009
2848 8367
2894 2821
3794 1862
6775 4939
5392 4881
5521 2429
8874 9143
7301 1084
1285 9021
6642 7132
2307 4202
1353 8436
7482 8659
4624 3828
8739 4060
7998 1045
1475 2437
542 4795
699 3221
5401 6486
4197 4666
5982 5067
1677 7571
2941 4249
721 6815
9591 8018
8260 7291
9475 9304
2586 6031
1976 1173
7103 7764
1551 7368
4258 687
1675 83
7852 4483
6829 1114
8223 7663
8024 7721
1608 258
3623 1152
874 1320
9959 5214
7465 9743
6287 9122
9947 2931
2558 3784
1406 1892
1506 7672
3748 3089
6237 3043
4601 7235
4133 1415
8163 5016
376 3244
8164 2756
5759 7115
519 6362
8497 1619
2372 4467
5007 9488
9202 4077
1802 4547
5281 7609
2965 1879
6858 3811
2859 2657
9494 5679
1184 6860
9715 2670
7815 1002
8875 3734
1358 1551
7177 4844
4697 8082
1625 1974
1595 1171
4076 81
6494 1535
2876 6850
7886 420
4268 7800
4278 4570
7621 1291
3578 76
6110 5854
3923 9439
948 6491
715 4680
3320 6269
1428 7246
4021 7136
3575 5457
737 4343
8182 2564
3352 8108
4718 4287
2526 3153
9513 2015
881 1566
3013 8275
48 4872
5307 8122
1648 2197
9186 5805
1362 3080
2981 3772
5208 2249
4818 4012
2810 1912
4477 1401
3693 918
4346 9295
1106 462
2323 9756
3097 9165
6613 2325
2004 34
2702 1885
1664 9498
8040 9103
5023 4948
2282 9190
3434 8485
8105 8694
6967 4265
3159 6223
4358 9296
3695 9300
581 5567
9132 6029
6106 3640
2660 245
7353 59
5740 9854
7791 3546
5295 3660
3331 9248
826 4567
9635 7003
7873 9212
983 138
4501 1415
2404 1912
1213 6992
8981 4838
2482 6493
7056 9730
8797 1652
1814 7432
1631 1830
5458 8621
2891 5008
6881 9244
4527 725
1508 8039
1786 9193
1650 7393
4969 248
6758 2535
8204 6746
6865 9163
6750 9529
4972 9076
1803 3000
1739 7393
7785 6514
441 2978
5126 7029
4936 8182
8321 8917
6536 6165
6248 5227
1942 916
6171 8790
665 4026
6308 7920
440 7005
4963 7039
4319 7757
7054 8283
1424 6518
6295 2614
6715 9754
4449 4283
582 1473
8477 7422
5297 7459
1953 2633
5478 4251
8018 2698
5978 4537
4552 2025
4837 4140
5990 9824
4271 5251
3076 425
8003 2451
2897 1165
7406 241
3821 7170
5669 7149
8209 5867
728 6759
3636 8618
6772 3925
4934 6986
3405 846
4407 437
738 9377
2762 4069
71 5119
3237 3128
9528 3117
4301 9280
9665 936
2257 8210
3856 5527
7735 1422
719 3952
8450 990
9128 1230
4169 5961
6266 4934
6066 4019
1501 3445
4092 9157
8881 7998
5452 7155
689 2030
7690 6602
7152 5431
8213 4549
8584 6418
5402 7079
8538 491
8151 2946
2108 5842
26 7237
7916 3322
7656 7102
1135 4548
2464 9982
2794 3868
1109 1081
7163 1558
6524 6213
4849 194
9333 7190
9074 1242
7560 4452
342 3452
7961 384
6667 476
3670 6465
6022 687
5347 9588
9945 3759
992 1308
9402 2263
1697 8092
7223 6096
9776 1860
1948 1453
9470 2118
7219 2754
5240 9543
7573 2360
6281 3150
3928 6126
2541 4061
3767 2617
1788 8022
2572 5595
3480 973
9640 3306
704 5110
6872 3144
4496 5784
2814 3468
8533 8885
5606 3058
823 308
5127 8495
1250 5525
3500 8066
8313 5235
9107 9792
3726 4465
6025 4894
5702 2540
2168 5975
3965 6062
6069 3606
4606 5049
3542 8718
4949 5335
904 8884
5534 3200
7376 1840
5548 3970
5610 2819
8222 129
9835 5989
1579 7256
9159 4985
1025 7683
3989 82
9483 8160
4274 5688
8907 2492
3014 2988
6691 7071
893 9071
4153 3208
4139 6458
2488 3075
3753 3156
8662 5837
5361 1863
5854 444
3680 5063
4154 8885
52 1304
5410 5373
9380 7265
7300 1930
8411 273
4492 5301
8612 2957
787 4604
902 4356
9042 6159
6882 9048
4628 5018
5355 7943
1236 7877
9903 4359
6738 9932
5490 6715
3773 2269
8809 1770
1764 7804
1546 54
2348 5271
499 727
7743 6991
4658 1869
9370 4347
5994 3665
6914 8292
724 1324
808 4295
5005 4797
6897 7431
9210 7664
8120 3094
6370 6276
340 4931
6009 3204
9472 3229
3348 3664
9619 7461
4695 7060
9929 9653
6755 8332
3226 6208
4557 5202
8484 8170
7835 6158
4646 8701
9602 1847
962 4394
6093 2432
1845 7806
9928 18
3840 3063
1063 9893
2158 9904
1140 5815
17 5610
3462 514
1040 1193
3253 1218
984 3000
532 5283
4893 2649
3943 5428
4362 451
6610 1925
3514 5283
2641 3373
8487 6744
9052 38
9258 4039
1355 387
3879 6382
3715 5413
1905 1688
2987 1587
4190 5348
5680 6688
458 4678
8093 6605
3177 3350
7477 6567
5616 9417
1029 1563
961 9065
4143 887
145 8639
9433 4197
3187 9900
6783 2521
4332 615
3040 9254
6360 1718
8518 2818
6409 8852
3896 26
4457 4796
668 3032
4871 3076
1601 8534
6749 746
2744 8689
2861 452
2967 9759
2850 9358
3175 8430
395 844
6038 3374
3940 2505
3751 9341
4889 932
6998 7653
6995 7870
6541 4066
1192 3718
5796 525
3242 8177
3722 9449
561 7425
3459 2243
3797 202
427 4722
4650 7837
7025 2538
1036 1596
7490 5896
5727 6044
8788 3886
565 1710
5382 6034
2050 2818
4151 2350
7024 7468
141 6398
860 6231
7378 7561
9257 4613
8335 5093
1561 1575
2126 2442
9398 8242
9319 4715
3368 336
4042 9297
5981 1312
6720 1617
8456 4755
5625 2447
326 3712
5974 2159
4072 6310
6953 6811
1693 7688
4586 8311
8571 5301
5550 5110
9595 105
3072 9469
6261 8780
1643 6113
857 2839
5001 6446
9632 5039
6869 7403
9324 6529
2544 9247
20 3858
7121 8500
9887 1526
9080 7960
6462 8517
5134 3455
4464 9862
1878 9078
8534 3486
9992 1481
1659 6650
4350 3317
4304 2493
8062 9150
9129 1246
3891 9062
969 8216
3651 3067
5873 1773
4222 9513
518 8099
4666 2181
4425 7669
9982 7054
2733 4758
6942 131
6753 6321
2931 5443
4783 7079
9016 8367
9183 331
8489 7783
2364 3693
2315 2132
8588 3588
7756 3871
8169 6645
8190 8754
6799 6034
8326 5016
199 6709
8564 3850
1157 1330
231 7254
3351 4128
8394 7255
2970 5898
1393 6403
1267 4217
2692 9988
5682 9082
102 5717
2538 241
3895 5847
8065 8042
9655 3216
1434 4071
9057 3734
7770 1925
5483 5319
9120 6789
5621 4841
4320 4572
7600 1493
609 7997
9779 1713
4975 1356
8830 2466
7980 4498
2180 2133
300 5400
4160 9865
5017 8291
700 8699
282 3299
3208 5469
2300 4548
4387 5766
2271 7954
7884 7563
5080 7027
4708 9793
18 7981
103 151
5793 8404
1284 7813
5296 9477
7457 1778
6557 4338
3861 8270
6225 676
8592 9787
3834 712
5615 6638
2670 7911
281 7426
6994 4901
5064 296
6037 3144
6410 2730
5014 5943
6535 3479
5813 6002
443 220
2806 1489
3230 241
4796 1979
4345 516
6398 213
7868 2990
2030 7617
3185 2692
4647 791
9185 5849
229 2496
1347 3376
9804 5678
2196 4672
3397 2638
1529 2207
3257 1515
5497 7190
1741 4985
3027 278
8826 2716
7922 9853
5125 679
5346 9626
5901 8189
4556 2455
3031 6401
1605 1846
7836 9859
1856 8952
4353 1393
2035 411
7201 3596
6875 7806
9688 447
8927 2973
8410 2544
1637 9869
7723 5628
7851 2790
8557 927
3400 6344
5120 839
5524 9366
2835 2529
9788 1146
7145 6525
1065 8117
5333 9475
5959 93
9443 175
6910 8093
1662 6624
1305 1174
929 9971
1152 4963
3537 9869
3183 4439
6907 4585
7775 2439
1913 2500
9981 3656
8859 2922
7896 2346
2683 4639
209 1998
7553 3395
7648 7179
5560 2243
3755 7732
8876 923
3166 4668
1215 2030
3982 4670
5845 6640
5986 6470
2973 7196
8419 3328
3704 6119
8289 1018
6044 9676
7021 5189
7579 5975
7681 1327
3689 5938
889 3896
4303 8557
3619 19
3282 1172
4005 651
3096 7784
7657 7689
2800 8369
9744 1544
6661 3442
4020 8600
5591 7450
9516 2158
6141 2433
811 2512
9714 4948
7547 6880
164 3885
7108 6677
1378 1708
8848 7335
9596 6136
6821 9356
2 5183
1613 3142
8086 4538
4678 7498
9432 1422
1143 6811
256 5050
982 5166
3356 3696
9148 5741
2385 2668
5832 375
283 9034
8183 3221
5917 8582
2331 9139
9460 4147
1584 6061
4899 1678
4973 4467
8663 6708
6958 5143
1243 9913
5350 9047
6676 5182
4417 488
9138 9691
4869 7542
9637 6973
5504 1618
640 2701
1202 9216
3937 4088
4768 9652
8303 8327
2879 3934
8352 9165
8622 6042
9598 9542
6456 4621
8678 7713
2383 866
3728 3747
315 6206
4372 5858
594 7260
3699 3133
8792 5907
797 3397
3938 3332
5028 4184
4942 654
1086 3371
6901 4068
5945 125
4906 6523
9615 1398
6827 8853
9473 1927
1791 687
8958 9342
7905 178
4788 479
89 664
5893 9597
2334 7558
8191 2095
4668 9647
650 5839
8865 3318
8106 227
7859 8508
3382 6086
2557 2168
5258 1206
7635 5389
3300 6285
7059 5083
9194 1738
590 3428
3023 5127
6463 6110
7912 8896
3028 2932
4135 108
8863 9713
6648 2464
1593 1642
3385 5071
2172 5655
5387 9566
1945 8871
4432 7075
748 7156
5106 8152
353 5011
5734 1341
7463 288
2782 6467
6290 8086
6969 697
2523 5680
3363 2088
2602 774
3742 4269
6944 8451
8147 7994
8773 1463
4526 4825
3935 9559
4750 8454
3959 6083
7485 7521
1775 1998
5279 6269
243 7575
9184 3779
3631 2547
8396 9602
4597 9718
4291 7699
3808 7385
5420 2159
1059 4911
6397 6222
2554 9692
5627 5528
2863 9316
1167 7658
8775 5723
5221 9321
8438 7616
5385 5844
1696 3814
2452 784
1776 9433
6380 3943
4243 3734
7466 2864
9458 8129
1238 5096
7141 7449
9895 4778
6956 8442
5566 8519
3309 7001
5349 2859
6422 3452
3312 9014
3909 5834
2212 4616
6785 5904
3865 1872
9205 8643
7020 179
16 9385
6987 6898
4293 3192
5454 3488
8502 8061
8828 379
8928 4545
9995 316
9918 4600
807 7111
8339 6512
5397 2975
3193 6983
5467 6030
736 3563
4013 3895
1348 6278
8036 512
628 8410
2274 9247
9253 1746
67 524
9831 3807
9068 4691
8638 5623
9088 1998
4880 2344
4981 1337
629 4988
131 9006
6005 3788
6213 2029
301 9426
4613 5348
2836 6479
1737 4213
8273 6296
4058 2521
3277 5431
2325 8510
9805 4270
4633 5603
4400 1762
6340 9899
5505 6871
4581 7996
2640 9546
795 4904
5439 5072
8306 3752
745 6007
554 1775
6643 4038
3683 3761
8463 5067
6404 2042
7216 934
5770 8480
6314 4275
3071 1819
5804 3908
5223 3117
7212 5860
8135 746
8171 3748
8386 8019
64 1750
4280 4746
6051 7848
5 6868
8460 5346
8084 5146
1971 3161
6563 9471
657 1480
3820 9131
9360 8992
2060 6091
6302 3194
2371 8455
524 2668
7402 7022
9971 9231
3842 3408
5168 5028
8966 3538
7958 7613
4807 7811
9061 5006
5975 3873
4238 7500
6892 7410
4115 5390
114 2909
40 9286
9485 4
5498 954
212 8723
6540 3636
8188 8628
5675 539
8901 2960
2599 920
2902 4124
1826 5061
1172 9102
3296 6263
3585 6118
1189 7577
7970 5981
6014 3101
2466 4763
717 3104
258 5219
161 315
6966 7152
5614 3196
2384 4754
3128 6389
8341 8049
7706 1684
5895 1379
5176 4667
4679 9373
942 7286
1120 7835
1575 3009
2603 7113
6001 7456
3626 145
2601 8913
8716 8602
297 4439
7671 4703
2076 867
9049 9367
7155 4664
5210 6739
5574 5538
6346 9777
2154 8295
8667 5884
1099 1913
7487 9691
7364 4601
3313 3475
423 9072
3308 7199
5488 6046
3791 3700
1179 533
8670 8147
9519 3985
3688 8842
8172 5344
3770 9531
4260 260
7455 4875
4521 2650
4592 6161
2330 8305
4062 4189
3311 276
2784 5893
1886 4010
755 8472
4366 4144
7335 3839
6813 9113
3229 6355
6330 4185
4208 7419
3637 9543
2162 3464
1463 627
1450 2497
2576 2994
5651 9006
7245 9368
5015 662
3247 6601
9893 8361
6704 5609
8664 6236
2713 6674
4368 3056
4347 6422
2296 2786
7660 7876
9643 4711
8402 6862
9780 2405
1373 3445
1162 5225
1494 4449
1604 1073
3271 5508
586 1280
4550 1983
2644 8563
9454 5722
65 1065
2979 8828
8397 2036
6831 8458
236 1768
8537 445
75 4849
2395 4505
4403 5135
8959 4717
2569 2124
6180 9221
3069 8674
1490 4634
6576 5260
6332 2700
791 5135
9459 5757
1785 9822
3417 1577
4856 77
7238 8767
6408 9605
8180 9554
2146 3835
3705 9125
7454 6079
1497 9698
2061 7535
4616 1899
8258 4785
4931 8479
9966 8640
6532 1228
8974 59
2613 6212
8268 3367
2595 1813
9524 6155
8853 8214
8879 2094
3428 4590
4821 6101
3452 4050
8698 5640
5639 7447
9386 4725
5124 8901
3853 2154
6035 8672
8318 9194
9388 175
6451 6260
8513 8976
35 9329
4989 420
3179 7802
7710 8741
3206 9885
4161 2913
7489 7074
4317 4545
3844 7392
4314 3107
9029 7437
9241 7078
6366 496
7714 4070
7061 1283
7377 8684
9412 4692
535 5339
8381 8388
3927 5882
8920 6381
4078 7257
4179 693
566 5147
6288 1597
7321 5988
5276 7273
6658 1887
6562 1536
6417 1875
7781 2759
4740 7488
4008 8685
7357 8175
648 8728
1070 9476
9251 5923
7893 7638
9048 9307
5192 5662
5950 2757
3768 1052
2906 7491
2036 4072
1014 9456
6509 5565
7181 2780
3246 1806
7259 8372
580 7555
7677 4801
8824 125
7224 7377
8430 6222
7401 371
3164 2172
7296 6576
32 6006
2606 8190
5056 5960
5588 7056
1381 5781
5471 839
595 3977
2097 7112
7829 7803
4040 3945
8387 2413
6020 1421
5891 6801
8918 3511
3818 9367
6011 9585
4661 6842
1468 2260
546 9637
5414 1385
4100 5527
7123 1280
3255 2460
5290 4584
6711 3
798 4817
1787 611
4236 2773
6292 3351
8519 7179
3925 524
4298 3658
5576 9128
2292 6830
4916 4543
1384 2387
3720 372
761 5570
1440 6441
6911 3954
7866 2744
1317 9389
2575 5514
1686 4927
7471 9022
3070 8624
8427 8120
5043 6993
9839 3453
6487 6963
2089 2781
9113 6275
4657 2505
5492 3901
9490 8978
975 6100
8200 9647
3466 8772
3658 6730
7821 4249
3504 4658
9262 8166
1443 4135
8001 2145
5435 2260
2190 1843
1012 2318
9027 3865
9962 267
1327 9013
425 5274
5689 2698
9953 8030
3092 1847
760 6306
2777 5571
7404 350
7450 2886
6420 5397
3499 9459
686 839
7225 812
5694 8061
2037 3854
7190 8613
8883 6318
3143 5726
3849 7716
7531 7640
9761 1779
5506 6386
7062 2484
9140 9097
9428 5251
7499 8039
3114 2164
5912 1675
8754 7218
9765 6761
9960 1789
9790 6382
3661 1224
4047 3817
7759 6598
6058 316
6184 8927
6371 8547
7205 5940
7365 2941
2298 9233
6979 9068
1611 7550
2333 8960
516 495
6007 4714
5305 3955
9287 9355
4175 9657
5838 5740
8202 9043
9730 2195
9032 4129
373 2059
9250 8300
9018 321
7176 6080
9391 3346
5668 9506
7717 1227
5238 3725
7811 2543
5380 5884
5948 998
5062 9649
2735 6212
7222 6719
5338 4010
1111 9512
1176 1803
2961 3712
7678 682
8756 7019
6537 2270
2262 8078
9431 1767
3894 8629
8704 371
8375 6085
2615 2820
3547 9117
266 86
7984 3384
753 7818
8334 877
1422 3324
2530 641
7521 733
9102 1108
8259 3280
8383 1053
8043 1248
1125 5773
9213 1360
1655 977
4202 1773
4264 26
7336 9247
3787 3746
9301 4850
8181 8240
9427 2563
7199 5162
5494 6769
3149 3796
239 3112
5794 2757
8821 2804
207 839
4384 1023
5319 9539
8960 8935
2342 3050
7818 6566
5995 7839
2147 1539
7917 1798
8568 5618
3314 1345
5450 6416
3339 9804
4974 4650
4370 4840
3227 8046
1212 3217
5976 7459
383 6576
6971 4123
5787 6901
5905 4218
1831 2383
9926 5283
9755 777
6671 2672
7772 5
2842 5773
7019 6336
6421 8538
2165 9312
2343 8682
1699 570
8700 1026
6236 1063
2718 4837
462 7269
7979 3972
3509 935
6402 523
4651 2538
9220 6748
3914 2715
3326 9940
367 121
6489 3541
1830 5757
5486 5504
9523 8668
4069 7660
9770 1781
7842 8743
8936 8711
5280 5183
4841 919
955 1406
2231 4192
2867 9444
9012 8246
3225 292
352 9823
7522 6516
505 9379
3389 3325
8841 7822
5225 2406
1656 8001
1640 6044
6493 4439
6350 6046
6076 6729
9533 3931
8705 4077
6990 5015
7474 6061
4333 698
7624 4885
6514 5288
9748 6195
319 493
8275 3952
5642 7315
1841 9386
2191 5227
5061 1713
6567 1437
4836 6718
8255 1669
3088 2603
3374 68
3160 4227
9606 9263
9187 1031
7510 888
692 1848
8566 5004
3445 7108
8692 3567
6945 4951
9979 2951
614 4122
1237 3655
1311 9082
99 534
3869 1612
6329 351
4835 7397
5271 5155
7081 9102
3087 123
5965 5525
1562 5912
5293 553
1379 2164
2360 2337
262 5734
8587 2128
8087 721
9944 6496
3558 4221
6976 9512
8451 6545
5267 3856
1107 7782
1808 4246
3373 9861
3800 4607
490 922
9706 9056
9610 9320
8074 2251
4064 4347
7964 7569
7048 3036
9081 8968
2999 3885
993 2473
9967 682
6036 231
8779 985
5181 9318
3826 824
5628 2911
6933 4736
5692 5211
2708 7217
7606 8557
8768 6123
2149 7804
5273 6732
4375 8196
435 5774
8847 2181
7483 7917
8505 9291
5459 4471
1011 968
7659 9164
3984 6896
9426 5827
2329 3834
1306 1050
7306 7260
7381 1961
416 1108
2405 6356
4473 5418
7611 204
3672 901
2461 5710
5806 9845
8517 8609
6830 1169
3732 4786
5441 2454
558 5558
3859 5308
3105 6692
7179 3800
9604 1717
7555 3197
1275 136
9050 1455
9724 6222
4755 923
1206 1168
1990 2170
9215 9293
5286 5783
6359 2732
9293 3386
8254 9101
9806 5290
2716 9344
5407 6320
2224 2715
2757 4726
2445 5022
3344 3519
1007 9883
5665 2587
8138 3663
5595 7814
5032 2403
2365 9256
9935 7581
6090 888
6333 7194
5988 7812
1090 9464
7926 2761
6309 4517
9026 5002
2792 1390
2566 2856
4476 1629
1041 6348
7902 5116
4103 5568
2968 4579
507 9201
6690 637
2040 5296
5580 5143
7540 9552
4102 6419
5557 3709
3757 1943
4709 8074
1577 3257
3153 2862
3833 1110
8293 4646
5100 8665
4419 8692
8992 4540
5849 7487
7171 721
9010 9465
1898 8948
5250 3846
2322 7517
9219 158
5698 9566
5468 1248
8606 5161
4481 5897
1221 3267
7839 5611
2223 1968
1627 6447
155 4536
9147 8771
3534 6562
2295 1442
1616 2697
981 8128
861 6351
6482 34
6856 7926
6210 5790
152 4728
7006 6611
7731 1084
8009 7581
5496 4082
106 9632
9693 3341
1316 1009
476 786
2086 1387
2362 3046
3858 2285
6844 7874
7673 3511
4132 7721
6368 6709
4309 8120
7695 1490
757 8034
2416 6228
1276 9401
6437 7033
956 9214
444 1560
6663 8183
3673 1934
2011 4122
9673 8641
9774 6884
7425 6795
1187 7187
9932 266
1781 7941
9040 1719
9322 6918
3646 6972
19 7940
4874 6365
2935 6616
1755 7951
3322 4736
4523 8276
7808 5526
752 2736
7882 6086
9931 5429
6161 470
3710 5025
9886 5967
6516 5750
6064 2208
805 2950
1873 3179
4910 1422
9791 5466
4680 4047
4686 9605
2082 2715
7766 5818
8274 3587
901 1560
1403 7397
2577 3799
802 1932
765 9883
1532 4495
803 1315
1745 321
8007 5420
9727 8203
7486 6101
1051 4951
3305 4387
4053 5601
7795 7943
2956 8405
7934 1342
1264 1012
4173 8269
1437 7105
4706 9827
8923 2471
1118 6604
9925 6647
1729 2951
1875 698
9735 7413
4322 6977
8424 3523
8823 2946
9676 8326
9784 2068
8025 9011
6220 8663
4026 2627
9867 8999
5935 5392
1968 1373
7160 4533
3915 297
9450 9765
9437 9570
9694 5467
6665 4828
8405 1716
8476 1795
4392 3431
1857 2557
4240 5564
4590 3120
9607 4789
9478 1515
6737 1957
1397 4526
8889 4285
2958 4794
8271 7967
214 6129
5035 4740
9865 4894
6301 3563
9035 1987
8276 6213
6824 1459
6362 209
5883 325
4185 3944
9020 6633
1519 5144
5977 8635
7862 8724
8916 5866
6148 8819
5518 8669
4619 4875
2849 990
4262 4829
7963 4480
2014 2221
7183 3073
1985 3495
9930 2108
6254 8482
4483 9034
3597 1652
1956 1319
4594 4658
4998 7693
3199 353
105 2126
9466 5660
4873 5556
550 2612
8216 3030
8380 9460
3132 3949
4862 9229
5315 5242
469 4434
5029 2762
4127 6537
6443 6035
7604 7290
9622 9244
9557 4704
4312 5409
2787 1896
3112 3643
53 6533
5491 1194
3905 5385
218 8054
4993 6848
4758 9970
5418 7017
5582 8875
8080 7187
4674 2332
6884 3497
7571 1760
320 7165
3517 6676
3475 5414
2703 4444
9222 3230
3062 6061
6013 1609
1815 2915
468 2359
3066 3364
1079 7451
6278 3540
3074 8643
7334 3036
3723 8100
8089 7935
6898 5695
9501 1131
7139 4602
6905 4730
387 9040
9399 8945
5135 9854
7241 4217
7220 7181
6849 5486
8023 9032
3201 527
3218 3830
396 7366
4286 8502
1733 7119
1299 1057
3216 3051
7725 1793
2447 5164
4402 8582
4261 4599
8266 9177
8133 4263
892 9884
9004 1066
4710 5955
255 8258
8152 3739
4838 882
4421 9749
4107 4127
8357 1827
7776 1674
4794 6346
8653 9878
1910 7743
6857 7701
101 3806
1797 2881
4834 4166
509 1662
7722 1150
8724 4017
8478 2328
6056 8650
9169 7800
8711 9974
3037 1577
2429 3087
7505 6663
3667 9224
1716 9218
3295 5271
2234 2812
8022 2491
9822 2962
6151 3983
7371 8032
6424 3637
8465 3223
3876 1344
7363 8423
2710 2245
4850 693
6297 9648
7831 2772
3033 9664
3719 7868
8882 492
3754 9071
328 8812
9055 8386
8630 4139
9958 1110
9291 7950
9337 3311
3782 9734
5229 8703
5973 1170
5316 29
5778 7787
3147 714
3506 8794
5328 9822
6119 3866
7191 282
5416 8238
848 6705
2875 7049
7669 8607
6593 2014
2480 2537
1709 21
9728 5136
4373 7076
9734 6920
832 9724
6256 2269
7342 4143
3492 576
4857 7874
7762 9841
273 3143
6436 3262
6123 6595
2510 3998
1777 2452
6029 8854
7847 7787
5872 4412
845 7687
5553 9386
8885 1899
7435 8031
1666 6873
5925 5057
461 766
8205 6053
2054 8910
1555 4276
1078 3882
6657 544
4531 5192
6218 5762
1908 4946
2819 8301
635 9877
8367 1065
4770 6444
8905 2309
3270 3381
8608 2314
2691 6174
9536 7344
3577 2823
3286 3876
1469 4714
1921 7014
7661 4850
8294 5111
6354 1236
5769 3598
5938 354
602 466
7715 6462
3952 7665
1855 4497
510 3736
3848 1552
9988 9090
9263 3991
6669 223
8676 2543
7286 2474
2631 3646
8013 9463
2144 4208
9599 6266
9242 8438
1170 7307
9353 7278
6681 3979
4673 1696
6041 2103
3019 9483
2213 3065
646 463
5274 7582
5554 1957
4911 6167
909 4104
7063 2925
1108 2584
2873 6777
1900 6877
5836 8539
4891 6794
8272 7934
7881 357
9041 5258
4734 8465
9785 4106
9807 5481
4484 4800
1133 6475
1847 3360
7036 9971
2938 5748
4205 7582
2010 8987
619 5568
9814 7638
5882 246
3067 4676
3811 1319
9848 136
6774 6643
6000 1299
5620 210
1647 3249
4433 9361
4348 4588
9374 1075
6734 7453
6726 6190
4749 9582
1436 2939
9403 5500
9116 871
6818 3198
8322 3129
6339 1744
42 4946
9043 6579
8297 8398
1622 5556
2024 8105
3598 4881
4300 9139
288 7804
8686 913
4081 3139
8423 4659
5729 1371
4884 787
1952 5123
8461 6891
6176 3907
1091 3891
5756 472
9073 9374
5255 67
954 5381
8781 8405
8833 1676
235 5588
7995 3392
5034 1057
137 8158
7590 6882
691 1850
3174 8052
1663 133
4515 4482
1467 2417
9509 2262
4966 5990
4456 7287
3409 3039
9438 5929
4162 2044
3276 7892
1201 9691
495 542
9764 809
6425 6666
3250 9323
9810 5899
7879 3234
2846 8258
9000 5886
2998 1525
4745 8558
8141 5458
9356 6356
7972 3943
3151 583
5415 7857
8674 7945
8647 6393
3881 7587
3493 2723
8935 2950
9163 2606
3971 5959
9750 5052
9757 9083
6150 8552
6478 3204
3473 2649
9740 842
1137 6864
4888 5641
2339 5993
7760 350
7178 2176
4951 1805
9416 4979
4539 782
9531 1814
3851 5849
2009 9292
6725 4777
2305 8741
8079 7812
478 5056
7959 6184
2704 499
1503 8569
1980 314
7258 6850
6063 3475
4097 5373
5398 1942
5335 7769
1853 3286
9299 5338
3975 7120
3832 1346
8060 4575
9421 9853
949 6343
833 3135
459 3622
8614 3469
7000 7590
7433 7348
5617 7970
8903 6113
4116 7145
9435 3165
9292 7206
4073 7957
9924 9547
3983 6862
6735 5861
385 1217
3835 2076
5024 1826
3650 347
742 9545
9943 3929
5370 1311
6551 1011
5205 901
642 4584
7283 5670
291 4796
9680 4961
6399 8675
6143 4372
6175 3556
7476 6007
1389 855
5646 9
8327 562
5041 4957
1371 8780
9174 3808
1278 8260
133 4651
113 9862
9752 7778
8846 9463
2918 7505
1476 1721
1454 1173
2699 8347
7275 9436
6440 1445
2923 1742
7372 6067
5987 1646
4288 8491
234 5519
540 5566
442 2325
7279 9149
72 1172
1730 2555
9636 9970
1852 775
2808 6536
9574 3508
6860 2635
9084 8090
9710 1965
5592 884
4389 1370
8783 5352
3812 9160
6395 8591
1889 2124
3263 3034
9415 8849
1572 4779
6388 7125
5164 6549
8524 674
9972 8223
7601 9502
3734 9675
1753 5631
7270 1773
1528 4906
2390 6169
487 6752
226 7724
4900 9222
7386 249
9224 2446
2303 4013
2678 58
2789 1085
3613 9756
9638 279
5436 3200
8474 7933
2186 2204
7588 5943
1452 5667
7348 8152
2805 4680
2460 6095
5359 3959
7613 7128
3489 954
9277 6074
4494 2633
2264 7835
5076 9127
7568 4282
9563 8433
7774 9761
7451 4049
1031 2769
5941 2698
8999 4387
8415 5283
2106 3286
9119 7226
3769 2113
9075 5826
5999 5813
5251 7055
7837 4518
6974 9061
634 1698
4813 2692
2476 5738
3260 6393
4587 9834
9949 7817
3731 5184
4398 4496
6764 7125
4881 8072
8734 6974
2016 513
6859 7419
9753 1768
8453 5342
186 3294
2657 937
2500 5863
91 5725
8867 6496
4922 2436
343 8589
3104 3429
8539 7940
7431 9898
9468 2167
6778 6910
488 3807
3388 6600
6597 756
4610 7853
2915 2418
5362 284
2275 8569
4817 631
4443 6738
6460 4924
1941 2844
9891 5294
210 8212
9400 8992
1934 3670
7919 8503
3920 5427
8368 1664
6589 9363
6674 9400
7237 7508
4032 9964
9411 6820
9469 654
9155 3998
6348 2867
7389 392
4025 7692
120 9953
9266 97
570 4599
7654 8358
8302 3994
2574 4909
6061 7850
7960 2417
6526 309
5365 9216
4908 8107
8203 161
4519 782
2244 1940
9990 8836
8596 11
9160 3171
92 7041
1240 4456
4110 1115
7445 3109
2171 6900
869 8565
5851 817
151 8881
5514 1083
6199 3525
257 9913
7806 8114
7978 6525
2428 2454
7790 2468
7164 6344
3980 9877
7257 2308
850 8085
3384 7068
1680 3554
1967 6781
4325 7244
8750 7528
1057 9512
618 1046
2804 7179
4451 4528
9657 1470
7892 1880
7197 482
5679 3174
3871 1240
4753 1072
2525 8242
323 5098
2387 2887
5018 3416
624 1949
4540 728
4328 5400
5722 7415
9819 6772
927 2190
3674 7368
9326 1190
4051 8336
1338 4151
6627 6187
3652 589
3555 5039
2769 1571
6144 851
6454 561
2763 5129
5272 8230
7337 3168
3589 6413
9529 2951
7951 3690
8379 6375
7750 2129
6495 7772
7468 8542
8666 4282
9409 9385
5546 1950
8703 8382
3021 1557
9547 376
2132 7834
5321 8445
6650 4410
7597 7675
1779 9818
2727 1605
3950 9806
2988 7198
7937 4322
433 6952
569 4462
4732 6956
5036 9006
8641 7930
8362 2665
9697 9788
2198 7210
7315 1045
1564 9137
6156 5802
6889 1575
785 1936
9514 9270
3533 7673
8855 4231
5599 6752
6895 2030
3130 2054
9349 10
8098 5126
9985 286
2553 5291
2945 4916
3855 660
9023 4784
4984 8477
1020 9970
4466 4718
3612 2457
2148 9355
4542 1014
3567 9067
5877 7745
1594 3255
2837 5139
249 1060
7430 1654
2624 590
1334 4185
9961 3839
8400 8016
1959 5652
4643 882
3472 2935
3138 1370
8986 7737
1705 932
3967 1959
6680 5962
8301 4210
6459 2009
7718 5692
7111 7514
38 8471
1136 449
2102 6408
5710 8505
2980 3389
6317 6810
4895 461
1293 1260
5946 7668
3738 5403
2535 479
8910 8329
9941 2540
3857 4518
174 9065
2152 5520
30 5087
4305 838
3366 4388
1843 6353
6457 1555
515 6103
4576 7629
3380 1120
8051 8256
5666 8532
7097 9824
1923 217
8952 2200
4471 9
4691 3139
7180 90
4180 2798
4355 2567
5725 877
9376 5698
5427 4722
6621 374
6592 980
2827 8592
1174 3748
8230 1353
2441 8750
21 8093
9318 8673
6559 9852
9826 4001
4803 462
3307 2710
2067 6969
6222 7275
1072 7329
2233 4591
3416 668
8942 7012
6083 4603
1982 7430
6837 5
3310 8032
9015 2496
7440 546
9267 71
8873 220
6622 3922
4810 1692
921 2451
8766 8813
304 5870
5500 1337
2740 5500
179 2305
8358 7526
2491 3429
6419 2230
3815 8833
7116 5407
3580 9431
9517 4459
1947 954
7085 7499
3772 6271
5609 185
1939 38
9430 5786
5312 7704
7328 4984
5890 3394
564 8925
3395 797
3060 7041
711 9349
8569 8602
7393 7999
1719 2098
6732 5103
1993 9369
5858 7311
4336 4558
227 4396
9674 5908
3828 4933
4713 8330
2581 4377
868 8903
9046 9458
6577 8100
9759 3063
6084 3207
24 31
2570 7481
8721 1204
374 1257
1513 6585
6122 5992
4716 4054
7667 3465
7317 4006
8624 8766
4702 2376
5636 4516
7104 5746
1402 2045
1419 6452
3708 7665
4896 4937
9794 7427
3141 5080
2101 1435
1731 619
2834 840
818 5263
6913 2084
2746 2524
9652 446
6936 1998
9006 4335
37 155
6337 3615
4864 7524
430 6888
574 3067
2940 8948
8131 6984
6062 5684
672 4145
2474 3437
9594 7528
9395 728
9504 8535
3803 8392
4334 7213
7550 3030
4735 2413
2723 985
5594 8548
3495 6135
2856 4117
25 3697
2853 8420
7192 4147
1928 6786
4564 2766
5391 6086
4211 8878
6114 1729
9302 5779
341 6093
7089 4049
5757 3315
5933 1015
9836 2813
3630 5067
5033 8478
9919 9569
3487 4364
2985 2414
4831 3367
4459 3542
6807 9024
2614 1879
4982 6858
1712 350
8044 9691
4654 8583
7226 4211
6159 9231
2424 9410
8420 1098
6232 1516
5688 7448
1723 5610
4844 659
3735 1686
4224 5658
79 5059
3877 5155
237 4230
1991 5468
3957 8838
4545 8946
2438 1327
9234 3757
4761 7306
1635 3076
3987 6059
7680 7319
5101 3431
7903 7832
2225 149
4618 160
7819 534
9281 5767
6474 1219
9821 3057
9252 3718
6311 3528
3223 5116
4022 1939
2803 7229
1751 668
5820 8310
5803 4965
1321 4495
7944 8779
2039 9151
3962 20
4096 5754
6962 2207
5195 267
813 354
6307 3244
6206 3437
971 9066
9871 7303
6744 3389
9621 2159
5151 6495
7234 9424
1197 1957
5464 2866
9164 750
5139 8153
768 2880
3997 1097
7809 366
2866 5866
2759 1700
2042 7381
1986 1803
2556 7819
6825 3756
563 2138
189 3131
8265 1849
6522 106
5336 8451
90 1167
272 9901
5936 2503
1966 9859
6841 9301
2377 5589
5983 3394
766 3548
1607 1583
8307 6136
835 8309
6733 9939
8623 2043
7266 5770
3951 4370
110 5016
2913 1874
5227 4075
8953 4451
782 9401
7952 7803
9308 6851
3063 4795
8971 7075
9247 6613
854 7407
926 7346
8221 575
200 8190
573 3663
5257 9054
1771 541
2752 9952
6678 2361
350 6365
2459 5096
599 3750
8709 7824
2041 1213
1918 8220
4760 6652
7757 380
2194 9521
3157 5823
195 1913
5732 5511
7221 9770
3217 165
5383 6299
185 1735
8118 6908
1539 8589
4892 1926
217 9536
4075 4674
9452 8830
9493 4347
6714 3331
7479 5751
4712 1169
8801 8973
8125 1642
1818 5862
6465 5924
6716 6615
7007 8375
1969 271
381 4213
2332 2220
1914 2709
4876 1331
5233 8280
5475 6014
6776 1127
8617 5354
1002 1360
3228 8434
3883 4738
2748 6163
9815 2726
9798 9077
1364 9237
3224 704
6806 9358
9584 3905
261 3766
6259 1059
5044 2482
2338 2690
9444 6064
6294 7571
1493 4269
7942 6688
3874 4376
8619 2182
465 9319
847 408
6756 1517
9214 3618
7132 5763
5733 8105
2151 6086
3913 1821
9240 4152
2167 1079
491 9272
3656 1376
9603 3690
9499 1466
3304 6337
6208 6323
1657 6829
1603 5518
7945 4
8045 1270
6811 5889
5789 9084
2528 5331
6418 3778
7110 9125
8220 8378
4696 6792
2860 4075
8143 5247
4676 2922
7240 1900
4171 6739
4664 8510
3327 9211
8810 8880
9238 2833
7057 680
5678 4963
6646 6879
1479 93
1970 4894
4313 5841
1039 7816
1223 8053
3992 1014
6147 5274
4323 3862
6740 4986
8886 1779
2617 1126
7147 8388
7967 8030
4815 8742
3359 8549
251 3188
5750 1684
912 9677
3807 9906
3761 5612
4814 7911
7633 8085
1049 6261
3963 6264
6452 397
1994 4651
265 3220
5706 8209
8898 4244
5259 8504
7720 6641
6685 3107
8214 2475
3633 8655
1346 8096
8989 493
9085 1768
2947 5408
3608 1073
9396 4363
424 6365
172 3881
2425 5522
33 370
7872 8048
8104 3816
651 4842
6239 5191
9991 2273
5819 2940
939 8626
3064 7642
9978 1283
6619 6259
6996 9879
5303 5123
7596 9361
707 6740
6002 2178
2562 7194
2367 4376
6338 3664
7244 6743
8194 7961
298 433
2904 7563
1665 9018
5792 1401
2619 408
8377 2311
6221 6607
451 7503
2840 8051
9899 2151
2312 8570
7295 1415
2788 2690
6118 2599
3944 36
3813 5020
7711 1548
5556 7175
5870 2255
2797 9889
1922 1893
2159 7117
549 4466
389 6021
419 7096
6739 8008
4848 8035
4985 3112
2359 5534
2555 2474
6053 729
4330 9565
6513 3157
9477 1573
960 1733
4410 421
7906 3154
6377 1483
6999 9284
1326 5803
2219 6611
4493 2480
2230 5406
7651 2169
4458 5072
2899 4356
1862 9043
2986 2234
6269 3134
7311 2083
4703 9015
4648 5933
9630 81
5997 2868
6921 3332
398 3671
2356 2438
8225 8322
7526 6719
4778 5178
1396 7846
7977 5491
9255 7937
8168 1122
6989 8270
1052 6560
7877 4825
9328 1063
9228 5962
6032 9361
4235 8832
4178 5854
8226 8387
4176 7643
2013 8188
3484 1187
2954 9050
7848 6650
680 1354
9539 8837
3512 4318
9888 5196
1386 9342
449 122
6173 6821
5191 1053
6407 1115
9809 3531
9713 6938
148 8716
4297 9373
9270 5868
5919 6195
3155 5563
8472 5082
567 1805
2207 9565
9869 956
1239 7755
3655 4062
2926 594
8636 1047
6731 7416
6864 8959
2729 6076
6018 2395
3561 6281
809 7355
8715 733
1744 4251
7193 3149
4019 4526
9508 2656
9587 9108
1783 6733
6759 3832
5834 1391
9974 4997
9254 1779
3468 9605
5573 685
6228 5905
5835 4099
3546 6645
3091 5204
368 9330
1401 7670
976 1851
5529 3925
7703 8787
9950 1805
6929 908
6997 445
4800 4921
4445 6428
3570 164
6695 8438
972 4128
49 3956
9623 1822
2281 2523
415 2971
2668 6710
1242 7949
2560 2295
8212 9552
8957 563
9500 1607
5967 8128
5754 7710
1569 1411
6127 8090
9675 8211
1813 9528
4105 3788
6879 802
1391 6258
3383 3305
4231 6420
4562 6650
3579 5743
3825 2552
3498 9656
9236 6562
437 7582
583 9311
232 4125
9909 8446
2831 8450
5055 457
9100 7428
8365 636
2355 6186
9346 2507
2707 7254
8941 887
4359 4284
3262 1286
1427 3489
8746 1082
5112 1488
9892 9924
6552 645
9455 4189
6569 986
268 2404
1547 1250
610 6621
8407 8675
9434 3607
7209 2021
632 7991
6431 1494
5463 7807
9525 189
2675 8651
2297 5644
460 7128
3407 8308
4324 6707
2399 7446
9143 3458
127 6537
1230 7496
356 6636
2283 2165
2976 9896
8742 1798
3573 1987
6382 1253
98 9177
7675 5985
9239 7313
9268 880
7094 1694
5664 4313
5428 3476
877 5999
9829 3829
7607 9817
6934 3863
3505 678
401 4339
6773 2894
7956 8152
3209 3934
7028 9859
543 7670
9457 1792
6760 1454
4754 9046
7687 3094
8706 6946
6446 3240
7356 6200
4637 8281
636 7325
9351 7218
5433 9703
3399 9838
631 1766
205 6268
8547 8234
6464 122
1055 8952
8103 6737
5010 8051
5956 3956
3163 2834
1139 3319
8020 6728
4782 8376
29 3559
9190 8054
6515 9148
2232 4100
263 5086
9559 1981
5515 3911
8528 2487
8433 3382
3737 310
2396 8101
872 9311
1103 8468
8634 7680
5172 5689
9413 4091
2608 2646
697 9469
837 6836
6803 8720
9956 523
7752 7755
1734 2225
7169 3319
7674 2009
6684 1908
7045 4483
1767 2322
3966 4221
6741 4510
5711 6947
5175 2249
6164 3149
6095 2764
2018 2492
9311 3464
1983 2145
6496 5724
2253 7582
6877 657
4865 8840
5613 1296
5647 5967
1435 4540
1911 3500
6394 5790
8452 1158
6028 9653
5068 5567
3419 3381
3981 3236
3657 2801
5066 4053
4079 6695
8435 1915
2768 1452
1676 3621
4181 2010
3721 7118
5113 9585
7786 885
8758 7773
4722 777
6490 7372
6804 8136
5234 8336
7562 3457
7546 1113
3616 1887
8031 8429
593 777
3449 3982
7744 3966
7668 9621
7331 6170
3685 5867
1008 5490
4988 5067
6719 4929
6762 1113
8603 5027
6578 4610
1357 6572
5979 4821
8371 2149
8854 811
7508 5024
3571 6783
5369 3232
1119 4011
4408 7079
1368 8695
9156 4449
8498 635
8601 2657
6116 1705
3165 2124
2258 7806
754 1664
2327 1549
7949 7215
1702 5051
3771 9523
6893 9125
9059 9817
5736 3879
3053 5653
6130 5957
5167 561
1742 4523
4683 7463
7124 9707
4098 6356
9796 8047
2567 2809
5753 1021
7182 3416
2910 3410
7991 8293
2103 215
8968 2282
4795 2647
8933 6616
2458 6718
4148 1039
5712 6460
9749 9974
8063 381
1446 2581
4925 8469
9668 8008
1912 7612
3232 4981
616 2422
8311 8876
1227 2188
6919 2867
3182 6653
9382 6656
575 7296
3662 1313
1690 909
8909 1401
4369 5807
7052 7524
289 4599
3233 77
4547 5705
7825 5238
7420 4783
5600 9394
2564 9386
7135 8336
9067 2545
6050 3187
6645 7116
4015 7568
3676 918
3231 9218
9548 6994
7434 8621
7639 2481
585 4016
3393 2490
6918 1469
7705 9631
348 7277
2612 2081
143 8296
8733 5662
1392 6235
9144 3633
5691 9925
220 3485
671 7604
1718 3775
2807 8168
5581 4155
814 797
6556 3694
5955 8934
3793 8021
5726 1137
6632 5735
9106 2280
9192 4568
2313 2644
5903 2743
7362 9266
3299 9367
8057 9916
9662 2072
1989 876
5466 645
6277 8885
5798 3492
2193 8275
5304 9156
9565 1342
7761 903
4048 2285
5405 791
1372 2209
4623 1757
3372 2831
1861 6571
5775 8897
1460 1568
3918 7674
3321 4024
5881 9982
3122 2225
8462 7953
9284 3304
6444 5767
3020 1328
4447 33
5866 6493
6701 1584
15 3398
2936 6407
8054 3781
1498 4967
2780 4110
4854 8014
3345 8045
3117 7485
6274 6007
3423 7948
215 3847
58 8408
1331 4264
2901 5937
7313 9725
8884 6759
6988 9019
8349 9765
6629 3706
7352 8970
1438 143
6876 7774
796 9047
1128 3753
8938 5375
9121 6723
3972 273
8514 3801
4436 3546
5934 5978
3569 2942
4083 3248
652 4790
1489 4185
6793 2030
1266 4630
2662 8398
7497 133
1421 5317
7343 8527
1312 5264
204 6612
7320 7211
762 6458
5299 958
8707 1259
776 6164
8729 164
4952 1824
2686 9648
2565 4134
8777 6113
9783 8021
1738 1474
6984 5940
851 2063
675 3500
1724 2839
7541 3584
4950 2136
9526 7148
1592 2589
4653 8846
31 9379
429 6932
5004 1109
4785 5062
8712 9030
4947 5177
4567 1558
8736 2759
7298 168
5671 8287
3238 6451
829 1185
3390 1428
4065 699
4281 9623
6505 1708
1674 2258
7453 5553
1756 8283
4124 6171
2484 1161
8851 197
1204 1357
1145 1055
5150 8025
3716 1010
321 8384
7456 3997
3265 4708
7129 3712
1147 7520
1451 9842
8161 5267
6300 9389
8174 7323
2791 6297
5047 3988
8207 8962
1080 3504
1516 8678
7900 5057
9851 4126
1465 3038
3586 4220
2815 92
2563 7012
1229 4725
9908 6672
4659 9668
7167 8210
6071 1391
3491 5796
6727 4476
2156 4986
125 9472
2071 9032
8245 3757
6527 5761
5535 1335
116 7949
7763 4594
1553 7637
1531 6021
8363 5462
5843 7927
1013 9483
6112 5732
1641 6338
6304 6708
996 6652
8948 3158
61 957
9216 2938
1511 456
8950 5783
5943 8318
8251 6161
7749 8032
7931 5278
1721 5081
1132 3667
3301 2173
9237 4512
5970 3040
169 8136
8491 5940
9150 5544
8944 7126
8595 6698
193 5642
3629 3597
5585 9985
7189 1450
7230 9581
664 8353
2649 1322
9866 3757
8798 666
1356 6260
4898 5345
5161 3589
1850 6806
4137 2365
4690 9313
6017 1950
1380 2178
9005 8411
6430 9911
4289 3843
4852 7071
6313 6872
2561 8376
8056 7517
9390 2232
4506 8509
9703 2564
4104 4372
2610 7538
9570 807
821 8763
6181 7941
1654 7083
8551 8854
191 8481
6284 932
5446 7915
9766 4928
5703 2061
8858 1744
6644 7996
1102 3334
1894 2023
7799 3094
5074 6173
7359 9648
9511 6735
6384 4336
8179 2602
5797 6045
7813 8816
3559 6791
6834 5185
2486 3381
2378 1814
8985 2885
2634 9655
7408 5705
6145 4281
8586 3653
5174 3
2169 6555
4001 3045
9097 2158
3015 3132
2793 391
4635 1387
9534 9878
7686 7923
8757 2374
4926 5716
8820 4968
9331 3163
1431 4098
9149 7183
2546 6359
6815 7798
5829 9019
2267 1333
4504 4240
3438 8696
8193 3382
6115 5083
8177 1147
6223 7244
7554 8484
1588 4503
2816 2746
5456 7700
6453 8788
7086 6384
219 9420
167 7674
5437 2855
5761 1058
1819 6020
4978 4933
951 6582
4965 4257
5309 6597
8116 9343
9385 5648
3924 3233
3540 1069
9868 8980
8990 6196
5861 3355
1916 1032
9392 9336
9289 5769
8895 324
293 446
3376 3881
8224 9325
5109 6567
8233 4717
4374 5503
296 1180
4397 7606
9278 4638
5863 1072
3386 4469
2116 5528
2975 6185
6583 4221
7804 8944
4941 9484
486 7071
466 9013
8437 4713
2109 3095
1769 9279
2596 5441
85 8094
1825 4344
7935 2608
3214 6791
6839 8588
8401 8478
7095 4539
9157 6910
3806 5115
6553 8265
7282 7706
6364 8452
9786 2065
1217 5368
2957 7051
4737 3876
4183 9523
6724 8118
3566 7043
1860 2781
1077 7208
6396 2291
2893 6201
749 3791
7140 4703
1698 8240
5278 6290
1214 3733
4028 4034
4602 3051
5254 3234
4233 2446
506 2046
7569 8865
8520 6306
7890 8891
2408 2809
8871 5634
1760 9504
2600 8383
1228 1988
2433 4829
6104 9429
7801 3461
8439 7143
883 4222
3103 5028
7472 2252
1626 6394
6342 8971
903 8465
5054 854
4812 859
8722 2818
1122 9250
2813 1109
9858 8739
9407 2379
9732 4619
8100 2490
3790 9011
3583 1898
4652 4097
4739 6027
2280 4155
2496 912
4762 7635
2220 7768
2407 2312
2778 2600
6664 5801
2409 9740
2451 3467
7632 4352
3267 893
3222 560
6131 6965
7100 5877
3776 2364
3369 5311
8237 818
5735 737
6413 8537
827 2912
122 7226
8840 1422
3582 4521
3958 8491
7443 7936
968 2989
5388 6179
4018 3817
2440 1002
1474 7482
3093 7422
6412 6434
8166 2652
8639 8409
400 1525
1367 5073
3691 290
4223 3359
6392 2541
4066 5887
3127 7010
2495 2311
7860 4685
2625 4612
1062 5393
1233 9312
5147 5513
4684 2271
3470 2244
6982 223
1409 8255
6765 1481
838 1473
7248 2318
1471 9930
5859 4964
5052 7789
9171 1749
5040 9751
6653 7532
5455 8775
3644 2659
45 9354
2361 7219
9312 49
8822 6895
8629 9958
8888 7570
536 4089
8690 1095
533 9059
698 8813
5570 8928
5159 6723
947 215
2855 6214
7771 9227
9009 7792
8917 5233
1160 927
777 1988
2092 5917
6048 8086
335 2479
1027 8074
7083 2949
539 5769
4177 8816
9112 8612
9369 4284
2626 154
4461 4746
7008 4110
2174 3176
7384 9833
5461 292
4543 7410
5626 2826
911 4105
3126 8022
5399 5175
2801 3982
2907 9423
2802 2282
2909 2377
7080 9169
2972 4977
3752 335
1048 5234
378 7550
4992 9403
8252 1272
9625 5109
1778 5821
2176 7520
8693 4354
607 5969
999 8644
3564 8725
866 4808
5063 4827
1320 1363
5954 9798
2472 5226
2943 3866
3048 4528
6246 9186
5340 2544
8947 9356
3892 197
2736 9159
3034 7778
9733 471
2182 8347
3897 8469
6024 7550
4475 482
6092 2463
2075 1955
4194 3950
8510 8245
1550 5464
933 2846
8642 2403
8206 3644
5705 7825
3441 4679
1960 1423
6931 3643
9968 6207
1164 2326
7392 394
5824 9462
7817 7966
5356 5135
6947 7531
3799 2819
9451 8729
6519 16
7856 4579
3838 589
8726 4646
5718 6957
7515 7336
7753 1937
2455 6629
9087 4315
4828 278
2139 6086
8540 5660
7291 8635
5638 3022
6070 5839
6790 1501
5396 9875
2885 4978
4580 4840
5799 4764
4970 4822
8558 4405
6585 938
6584 4702
8441 1812
6529 6421
5121 5595
8679 5292
6322 4306
8827 4362
6572 5594
5731 718
8817 1195
5443 5306
6349 4802
3634 9200
6941 2531
69 6019
6835 2313
5400 5186
107 488
6581 2256
7166 1954
2002 1373
7741 5187
8769 5752
3108 4771
4903 2549
4071 827
5123 4004
5751 5887
2950 9560
5479 9183
5149 4984
1324 784
4930 3829
4220 8606
7447 1566
9719 6790
9076 3463
6845 9420
7411 7336
7938 3189
7429 4839
8945 331
5330 4302
8740 1283
8359 8151
8943 1377
8218 3247
2031 500
4953 9255
9069 7431
985 1816
7319 2170
9948 4073
8229 2611
5847 8442
1028 2238
4165 8239
3774 8246
4371 8881
5656 6503
3443 8292
1964 422
8991 4547
3518 7142
7165 3110
250 210
7876 1615
1159 4117
8770 1522
2892 8364
4577 7822
318 8787
2841 396
1010 5971
8597 5475
6655 6115
1208 8985
1835 9889
793 8660
1116 2164
9543 5035
9229 7374
4087 6262
4656 7064
1470 6933
5275 2471
9070 7275
5998 6039
8416 5679
9193 6813
5579 1505
7088 3785
3611 3230
5777 690
1030 3788
9550 2241
3078 5713
6582 799
3887 3373
4842 3634
9505 1278
2413 6120
8546 4621
644 5289
1759 5735
2435 6573
1073 1822
3845 511
5910 497
5892 4315
1307 3910
420 2910
5855 8205
9667 6761
1639 4003
5379 4654
3 7427
2588 6981
9762 1385
6626 6982
5409 5286
8929 5400
2318 5207
2578 7491
8684 6572
2742 9645
839 6943
763 7326
677 3554
1241 4853
3594 3213
8604 3445
1385 9172
2770 4337
5236 9710
2062 3362
403 3574
9894 7469
916 3614
5025 7243
6190 481
1149 7317
6909 9033
7325 712
6097 2946
2421 1041
8738 9872
2673 3503
9702 6139
4033 5571
3211 8407
5282 7560
7323 7120
2721 4546
4480 6965
2765 9810
1220 3510
3778 1853
5021 6918
5179 1411
5887 3605
95 9830
9261 8291
4249 3000
414 3094
4773 5486
1552 6914
1009 5125
7745 8138
46 7496
6486 4834
867 3621
4571 3466
3775 6032
9571 9928
4130 478
5354 6312
2627 9652
6854 2285
6450 896
9983 3547
6812 9999
5451 9334
2989 662
7011 6972
4693 8952
4203 3434
9204 6844
1390 6895
8140 7599
1782 3059
604 6762
8815 6275
9560 1821
4808 9960
5249 9643
4802 735
4239 6142
8091 4421
2514 416
8731 1933
4822 8318
1660 6089
7644 9356
9915 4494
4617 1836
8940 5122
2825 8964
9723 9338
1919 4316
54 7371
1066 7645
5137 1972
4546 9422
6124 5553
8677 2744
3413 5534
6707 4953
8185 7717
6703 9343
6848 5523
8955 7970
7988 3452
6243 4701
4500 68
6948 241
8270 2308
3814 552
9304 5860
5403 9432
7267 6044
8728 5791
3690 775
5709 4250
2874 1446
3930 2362
6842 2569
1037 5030
7595 2774
4901 2770
3281 5332
6542 8145
7206 7054
4636 8653
4386 3220
9927 7681
1600 7233
9283 2055
160 2119
8469 3328
2951 3360
2666 3532
5432 8162
3970 9256
7503 5882
9394 9482
3697 2057
6623 7605
2551 293
1885 8556
5087 501
123 4987
7459 5874
6401 5277
5130 3465
6162 941
22 5241
9802 6878
8122 9904
1790 2508
3355 1887
4701 2096
9646 6983
2747 6878
9401 8755
3061 9441
4255 3816
5659 3447
9942 9885
9425 8928
8618 1088
4554 1923
3118 1916
5766 1931
4037 8218
1651 8200
4632 6180
178 707
6808 2450
8660 5846
7598 2334
9588 4084
2015 6308
6850 1601
6204 6001
3099 9808
7700 3439
5472 7543
9342 4490
3696 4455
7281 6380
349 1800
3830 5440
2521 1846
5569 5392
3059 5822
7403 264
9272 54
88 7643
8861 6867
1576 1256
1591 5753
4416 7728
1703 7726
36 5250
8399 7715
6935 245
363 4916
5660 7441
1323 2032
379 2832
2294 4906
404 3069
1177 44
5828 5812
3995 2627
537 3219
5413 9193
9797 62
8429 382
5533 8181
5897 5044
130 6495
4667 673
778 2464
758 5141
8127 7794
3204 6355
8309 6643
4383 2186
1405 6522
3596 8011
5641 764
9716 4937
8160 2878
5716 1800
9684 7367
2672 9950
7962 8145
3333 747
9484 3170
5908 4820
2386 9965
1747 7292
2623 9227
9122 1247
1114 7974
2738 3212
5942 2290
7536 8096
3135 2002
1442 2945
5596 8373
5721 1750
3131 7450
3269 6065
3718 5990
2687 6242
3976 3648
822 3114
1851 8772
1870 5169
156 1606
9575 4621
9984 5203
4961 1822
347 560
5909 821
4553 7553
3666 8060
4256 3962
2590 924
560 9093
5714 566
3931 2892
1023 1008
2341 1004
6517 5965
5065 4985
1936 1118
3189 4467
3870 9994
3256 511
6343 1090
2669 5445
1832 9534
2381 3989
4724 1185
6102 3741
7974 9930
3993 2687
8173 3754
9125 1078
3899 3405
4980 1552
5541 3825
544 8033
9522 3016
970 4008
8979 8512
4121 5009
4572 4017
5696 2980
6598 1732
428 3419
390 3787
2368 151
4570 8109
6899 6087
9329 9856
2243 8486
5818 3018
8017 7128
5203 1040
2883 4226
2505 6625
5337 2725
2259 7866
3522 6877
7501 7890
8042 3575
4248 9555
3170 5157
8449 4281
7803 6597
4968 2042
4439 6300
2722 3673
5949 6394
8376 8661
3334 3917
2095 6852
2088 9492
7122 9671
9352 4950
3593 2780
1574 8558
6260 5112
6121 85
722 310
6324 6734
9034 2235
7399 9803
2375 9310
4282 187
2301 6442
870 1020
4136 8273
157 732
8818 3454
1263 961
5477 2353
1530 1885
9463 2915
3283 2900
8261 7627
1395 8575
9554 8930
6293 4523
9998 6816
7727 9865
5226 3720
8011 3659
4367 7397
3173 2443
7293 9235
2210 7020
7874 4146
8425 1003
6993 2646
9577 1860
1954 1790
7698 685
5444 4797
1867 2600
2260 838
2128 6122
358 2023
825 6561
6550 9417
2695 5869
5334 1153
7755 3857
667 3846
6134 8728
6770 9508
1218 1370
5476 3289
7587 9838
4024 699
2245 570
8605 9404
9712 1437
7930 1973
7127 4031
7418 5453
482 638
6660 1330
9617 8213
7079 7913
4627 4084
5516 7637
853 9115
8071 2782
5325 8105
2255 7850
4991 3013
7076 8916
6682 4028
4027 7484
5914 8995
6189 5808
6809 7138
7986 3932
3116 5269
1335 8818
4193 1698
2593 89
3743 8501
6033 2790
1200 1538
2020 3106
6477 7017
8198 8348
1667 4776
7491 2888
4267 2436
8926 2373
3051 6370
7748 420
2382 6851
5091 3245
7229 3344
7427 1147
3144 4096
9562 5730
6185 7357
4446 222
7939 6382
8247 6380
627 678
3707 2179
2516 2251
900 7880
831 4883
3641 3698
5424 8538
1455 2408
9249 424
7071 1359
6352 2351
1770 3536
6326 3703
5289 7056
5165 959
1509 7631
7909 7929
2478 6241
708 3711
9553 2507
1804 8675
180 4643
8640 2845
8436 4313
2658 5776
1365 7384
4343 3033
5640 2602
2494 5014
7724 8344
3796 4369
1624 4383
8279 5217
759 8961
4780 1724
8388 4870
7826 5046
8887 7747
3866 8228
8864 9832
2072 5253
9763 1563
7517 9604
1096 115
9260 9188
9378 285
9605 1172
6870 9994
683 5618
9650 6266
8675 9240
6335 7970
6636 1724
202 2061
6607 2980
979 2257
5322 1566
7626 1101
7068 384
2591 3921
1350 674
3337 1044
2870 7463
9690 9169
8070 6388
3408 3955
5827 2469
5800 2140
1925 4239
6458 35
531 8521
12 1564
8542 8752
6523 7724
7414 9970
1962 2287
4626 5693
2527 4383
6411 2902
9586 7072
4117 5561
7915 1408
7932 125
781 3135
6415 7800
5480 4494
9423 1429
4049 750
9275 389
5214 3229
8654 2071
9833 9250
1863 8126
5501 4702
9286 5444
9520 2205
158 5800
3124 7750
9923 6719
8072 2875
4215 5438
8681 7649
7707 2160
9420 8290
702 2277
3528 8762
489 8481
8951 6429
2306 294
8552 3170
8189 1707
3259 9185
3447 3117
9359 3782
846 8781
6977 5107
8880 1644
9989 57
8132 451
1445 8757
9994 3357
4307 7871
4744 8787
5411 8725
9083 6719
5217 5192
4495 6367
794 2814
4825 267
6466 871
9970 3911
3663 2768
70 5343
9952 2838
5145 917
4095 8089
2609 6213
1260 5280
876 8277
2712 1095
3739 2204
8067 3697
8374 9700
8414 7313
9933 7330
7636 8340
1034 8124
3684 5323
4147 6779
8139 118
8717 4545
2630 4101
6006 4200
7793 2305
9841 7589
2351 9679
1313 2525
1866 8501
456 1614
2400 7689
9878 5377
9347 4329
852 9740
3446 2724
3788 9099
481 870
6927 344
4827 213
2308 563
3169 1804
9295 8561
3191 2098
369 3993
2136 1
8066 2749
3325 3231
5270 4541
6475 3326
8373 3457
6961 7020
2511 9406
3474 6755
1649 2693
7712 4642
7016 9256
181 3417
4921 721
3080 7269
4596 5352
4004 2067
9902 5526
3190 5201
5707 592
9792 1880
9007 2189
8708 1693
3288 1342
4234 7283
4675 6226
4254 9273
3922 5221
1232 6123
7091 326
7415 8076
9101 3281
9182 6519
613 2750
1515 3385
6160 2125
5962 2658
6448 8899
5393 7313
2235 7052
4182 2516
703 7704
9620 4445
3481 7469
8295 8660
7174 2394
744 4976
477 4504
941 6852
6771 4597
51 2689
2481 2636
5242 3303
184 3214
1567 7659
7213 6209
4731 3688
2164 4145
9747 4808
1917 7716
1961 1830
3161 6756
3756 4484
6089 361
6214 7741
8208 5711
6697 9217
8343 5310
8645 1810
5923 3660
1142 5012
1537 9786
5389 2848
1784 8733
5654 2275
5958 7901
6003 3515
6729 17
1689 4734
2141 8479
7172 577
5623 9240
5058 9855
6491 9483
4308 2314
9922 5957
1828 3780
7528 315
4470 6595
9812 9024
8961 32
7027 4253
5057 2465
4361 6164
7699 5187
7153 3521
6087 5579
5929 6051
8026 5799
9541 1304
399 5657
1382 7394
4774 9802
7307 1466
9682 6853
9479 2825
2508 8184
496 2798
307 1477
7033 5088
5763 5874
6986 6277
3671 2593
4363 4213
7462 4109
6723 2799
579 887
8097 8653
9465 497
8197 5164
2335 5263
1549 1026
4811 2890
786 3597
7921 9201
9172 222
2140 9928
6972 2162
8217 6465
8529 6185
4804 5078
6193 7776
5676 4105
3316 9928
6814 9958
9614 4446
8262 1282
3948 8284
530 4776
8965 7778
3430 758
9771 9773
6840 5037
2084 9262
6786 2096
5193 5961
3075 7815
3248 180
9937 961
7602 4351
2209 1367
6423 7579
1740 4876
9951 3699
8512 1348
2536 8556
2775 2464
7640 3418
9440 4116
3056 3043
1882 3884
9639 3396
5932 1235
2889 8109
5128 3251
572 1904
7077 2600
8836 1319
3536 4429
4216 3836
8963 1124
9442 6911
3625 953
3303 8893
1064 4141
4275 9931
3502 6893
3606 3351
658 4993
1610 1140
4339 4961
6696 1146
8264 8666
820 8968
2252 1348
3746 7346
8 7209
6587 9911
5107 9139
7539 9407
3798 4311
6331 4638
8121 6780
6968 6986
7702 5184
5408 9523
9099 7148
8369 5841
2389 8195
2044 4989
1477 7857
2347 2241
3660 2080
9963 9793
4877 8019
5031 7370
6609 5763
6836 851
6215 540
2946 4183
5078 4151
4460 1192
7064 3791
9375 1091
9864 1389
11 1757
5597 6521
7350 7701
3029 4710
887 1840
9173 4056
5235 8897
2994 3531
7419 6115
7030 3286
3478 6678
3749 847
9025 2415
9538 8042
7535 1548
3101 9422
129 8613
859 7206
873 2008
6501 1376
