10000
10000
781 5064
3062 9814
7006 9393
9478 9024
3843 137
2449 2355
7636 4780
8652 3703
4019 1888
8295 9864
609 1130
8885 3494
1916 2426
5717 8516
6286 343
6924 2035
571 9492
5619 3278
2035 167
5821 9362
5967 2605
4292 7880
9404 5797
8075 5580
9751 8522
684 7357
5342 8894
2778 7173
8482 6299
7321 5416
3413 7937
5447 5496
8985 3127
9631 7039
140 7111
22 3018
5722 1033
6376 2616
1138 2217
7239 1978
9567 3286
7962 675
8720 9808
1441 4918
2660 2632
9753 3046
5532 8926
6910 4413
3194 8231
7366 9431
2723 7294
1149 7667
9766 5640
9582 9471
8711 7366
934 9779
4065 8218
1095 5772
6302 3868
6499 65
1435 3517
3970 8907
423 831
8608 1599
565 4454
1327 5657
1113 8860
2923 8046
4402 141
1727 2611
163 4856
9982 6246
3701 3516
4407 5151
5912 9732
5369 3610
6528 1868
545 1353
7147 8450
6983 8481
573 8350
8763 8912
1568 7520
9227 2892
7958 6908
9697 6611
9487 6426
2573 6001
2905 9641
8462 1807
1797 7989
3589 5184
6329 6676
4346 2746
7372 8766
7714 1505
6180 8516
1063 1011
424 2921
3692 4053
8852 936
2 1323
1597 2241
5653 4880
3660 7358
6430 4059
1874 7977
4930 7114
8829 4450
9543 3483
7819 8281
1711 1347
481 1637
2041 6262
7004 9020
5281 8461
1375 5986
2130 6786
8805 9105
1295 8371
5247 6105
1346 5616
1559 3488
487 4910
5771 2531
7190 2104
6070 5106
5352 7564
1068 5717
3849 6146
1162 7389
743 3358
6952 6824
8930 4807
9054 5932
7428 6901
1572 7429
1035 2105
8453 3927
7417 9549
4279 8733
3158 1103
267 8482
8647 1089
3396 561
9360 7203
3681 6931
7030 5189
8880 2403
8292 8180
43 8701
8293 5490
7373 8286
6767 617
1224 9109
4416 6306
7517 8189
5374 7212
8568 7499
9790 3738
2595 3268
4923 2219
8034 3245
23 7030
5842 9372
5848 5722
5341 2253
5943 4021
2512 4767
6265 1829
600 4542
3075 9469
5755 669
5089 5138
1544 731
5128 7264
825 8303
8108 5334
3819 1475
6254 376
7724 6912
2134 8325
6909 3685
8335 8583
3779 9186
9196 7387
1474 1160
7805 1911
6848 6525
6007 9873
7381 3155
4623 9457
6275 3306
4719 1333
7564 2504
5196 947
1477 1194
7433 131
8188 1183
182 5194
8107 8127
8502 286
5507 838
5638 6240
9129 934
7014 9850
9622 9263
5311 2250
2350 960
7813 3926
6485 6756
6760 4231
7758 1412
9456 423
3439 5909
8786 3114
2933 4925
5704 948
7164 7915
8696 7054
1040 4484
9259 1021
9296 5312
8890 8497
1096 9570
7126 5699
1796 9132
7791 993
3931 7195
6280 3741
2705 5216
6232 5361
1524 6955
5407 6495
2370 2673
7647 2152
8265 3282
1911 9843
6531 1329
645 3430
1881 5962
1943 7968
9928 1399
4442 1063
4617 9421
1809 4440
2429 1703
5017 8025
813 3174
6972 6941
2810 4248
8767 4336
8144 7245
8474 6727
9509 9901
6854 8779
2927 2665
4908 2309
5085 4415
1762 4006
1590 5298
6577 1683
6659 6154
8650 7617
5063 273
4466 8401
1738 1427
3624 8311
793 9621
1994 186
4427 1824
6469 4172
494 7332
2517 6646
1980 8785
6112 9590
3272 4861
1703 5306
464 5523
9855 3412
3460 7212
838 4022
107 579
4431 963
2763 6798
9595 8294
9919 8467
2805 6766
3900 8145
6773 3703
5587 7132
4167 2723
3915 3134
5715 9262
5705 9687
3518 4257
4980 382
6051 3911
7409 739
8355 8240
1771 793
5391 7626
8487 8019
6541 8992
8882 8932
9007 6192
384 8961
2313 2138
6437 2509
8077 8154
7173 9912
4 470
1845 4118
2601 1543
6387 9651
1542 2107
4998 8599
2008 8432
2802 2715
3140 5045
5473 9869
3821 3924
9724 6435
3317 6018
5829 922
2220 7558
8789 5026
640 2587
9489 6176
8033 9121
5936 2126
702 9817
8195 6125
6680 898
8321 901
3752 7028
6034 7185
5121 5798
5171 1740
1367 9775
4371 3389
7292 3718
4251 1829
9836 4535
8534 5985
1820 1219
5505 8840
1198 1024
1468 3775
4360 705
3168 5482
1407 9414
1281 110
4641 4682
5026 6900
5203 2111
7525 300
7719 342
5675 5146
47 7757
2756 1473
785 2292
1657 8217
5787 8450
3817 1348
94 136
8688 6982
3792 6240
3181 6308
919 7780
7262 7275
6379 1394
2059 8590
1605 5838
8283 164
1886 5906
8603 4485
9653 8743
558 4671
2884 5945
6655 178
135 7860
1504 5949
7274 3131
192 3021
7288 9611
4655 2664
3256 3447
2918 5448
443 6256
7768 3472
5742 1444
4183 6983
9957 1816
3651 10
9689 1887
3014 381
4262 1527
3316 4926
9987 8291
3079 5224
3599 5151
9520 7658
8074 3953
6318 1253
8849 178
1428 3783
852 7633
2782 125
9726 779
2234 8388
8860 2613
8289 543
9317 5791
9425 4236
6512 4054
910 7055
1089 1784
1889 2264
5930 8110
3892 2777
6734 6165
4949 3923
4128 5324
6151 4959
588 9043
2713 4521
698 8571
1117 4751
6900 4323
8278 1830
7276 8129
6111 9830
4036 1572
1164 9583
9626 6035
5326 9264
5806 2729
8053 4609
442 1033
7877 7283
5372 9634
6973 6705
7796 5697
9342 1776
4573 5425
3587 5706
3872 208
1718 6028
4229 8236
68 6376
4906 4716
2523 7043
4965 1368
2576 5904
8151 1584
6159 2691
7901 1038
8035 7057
3968 6483
263 7099
5250 6835
740 5204
1112 3722
587 750
3767 1739
5274 5515
714 2233
4192 1740
5254 7528
1996 9591
3254 5806
6062 2623
6243 9844
8079 5351
862 2975
8562 3687
2619 4997
7661 5032
4130 4627
7084 2534
7953 6482
7369 8677
5353 3376
592 4859
3267 2716
7886 2008
5042 7016
5130 3091
6432 2461
9873 7190
2085 2719
1197 9427
4027 4682
6951 3529
3311 256
776 4012
2907 8050
6278 2862
8545 429
1749 4701
3344 3159
5917 335
3174 8367
1765 8912
4160 4060
7985 6112
2868 3918
8583 2385
1625 2411
7555 4088
7165 9460
1507 4656
2965 2997
8596 8531
7200 942
69 618
473 9635
3001 228
9500 9990
4056 768
601 9245
5760 5069
28 4233
8560 5311
1 7749
5116 9533
1218 3484
4636 1035
6928 8525
4394 2643
876 8491
9339 7881
1701 3671
9551 4349
3684 8815
7989 1411
3276 118
9354 9371
1132 3571
9692 6089
6828 7535
8912 7360
8657 6728
5580 6350
8198 9454
5898 3315
998 2767
3045 3498
6293 7325
4928 1055
9078 2492
3319 2948
3278 7569
3907 9341
6386 9670
6984 2724
3533 1539
1588 3532
821 1613
7509 8823
8259 3183
8651 1881
6251 6735
4059 696
1013 9422
4756 3924
5291 6469
8524 132
6757 197
9999 3497
6476 5066
7664 6026
6368 3758
9732 6815
3556 794
5648 186
9313 120
3138 9421
8669 3405
1249 9855
1779 5557
4722 6452
5558 6673
1621 111
2838 7672
7839 4687
7350 8136
352 2917
7767 5109
8846 7121
417 2078
3855 5111
864 2454
6805 1397
6962 7379
5100 1568
2518 3391
6429 1925
3545 4893
3463 8925
9716 8908
1133 8070
2990 6473
3712 3833
8519 5111
8716 2716
7674 7664
7904 9372
1986 1761
6436 3269
841 2183
6165 3577
2653 8600
4385 4056
4190 5782
7850 541
351 348
4599 1492
9386 9816
2362 2043
3789 2133
7270 2
4790 6064
1207 770
9122 3471
9411 7490
4300 8127
6817 6723
6727 7070
112 1677
4712 3695
3697 8085
6683 5760
641 5703
6607 8850
3964 6227
7761 9466
6331 9319
2935 9430
5784 2885
7567 1016
8021 9419
9549 5499
4898 7681
2423 6557
2726 2243
1390 5380
5426 2473
1748 3081
4220 9345
4061 3700
647 4728
9904 5551
4428 5480
9080 7918
6405 5512
653 771
8177 5284
6271 5063
6460 5453
416 7149
8773 979
4123 5274
3146 2238
1406 4700
5229 2466
9538 6040
1469 2608
1037 638
4367 7544
632 301
7498 5518
9907 9045
4068 1910
9378 160
1509 6650
932 6374
6411 8125
6184 7820
7978 8555
7735 6767
4575 4638
6104 4864
3183 3743
5538 8280
6094 7919
2610 5667
6378 7567
9760 5346
3703 8789
4362 8868
4363 7844
9349 3166
2718 6096
9639 3157
2502 4370
8036 2807
75 3724
462 1554
2958 1309
8316 9225
6955 7494
1051 3088
9737 5394
5251 3664
6579 8057
5064 2179
5708 3247
2886 3168
437 8041
6794 8390
8373 3701
6130 6043
3674 7884
8432 8299
5765 6008
4162 7230
2308 9515
5852 1324
8406 3473
9665 6652
3196 1900
613 886
1965 9851
1985 5120
9379 4759
2857 2912
8556 8900
7345 4216
7518 9204
430 7646
5642 6457
890 7020
9510 6420
2995 4409
3893 3512
3501 6745
4832 2811
4593 1733
4577 1270
9533 110
8544 5941
9688 2018
3805 2197
7125 3945
284 2200
1048 7991
297 6330
9365 708
8682 4735
5075 2301
4304 3879
7423 495
1843 2898
3763 9298
5889 2382
2717 6674
344 4752
5441 8197
1640 5211
564 3841
3002 8281
1502 2629
5549 9624
2658 3113
1256 845
4986 1654
3347 6734
6172 8358
8434 6320
1866 5845
2369 2772
2542 7619
5319 2887
4772 4008
6539 8562
8145 9030
2391 8955
1947 1906
5668 2832
7843 5229
1973 4495
1693 5079
4730 4520
5732 2285
2073 9999
1349 5115
6810 8585
7575 2931
8385 1983
6844 7125
7291 7839
3643 6646
9831 1514
2963 5706
1580 478
5660 2184
1775 9546
6152 180
3330 9213
981 4836
1966 6001
6252 8423
1760 8885
8496 7774
5915 4881
3901 7236
8888 459
176 9811
2949 6696
555 2331
9376 13
9483 9942
8233 7512
8699 1910
1815 6295
7450 8078
7203 3515
8935 310
2666 772
2999 5040
6886 3388
6845 382
7272 3760
45 7542
2089 9286
6046 3468
7556 5739
716 680
9560 2429
3379 3332
925 2327
2887 2653
4469 8395
6522 8280
3788 9971
5036 1005
5411 7731
2662 6080
5129 8474
419 7896
6686 9492
7927 486
7640 1094
4306 6790
7922 3997
137 53
3290 4205
8764 8375
1924 1310
6978 7997
7410 7386
3199 9118
4694 6285
1583 9627
6250 9196
3099 962
3115 2755
5959 820
9262 5188
8161 4014
1962 3797
4411 1634
8513 1043
9641 5791
2009 4992
4610 7309
1072 5106
6150 3075
4907 9061
1257 7687
1553 8691
6191 9287
1606 7102
6419 6890
5305 622
303 415
5120 5768
6842 8560
6342 6051
4395 2086
906 6122
1289 1216
6739 3741
4055 4080
2223 6423
6012 3741
1644 6787
3340 8272
4536 8915
6367 9816
4690 749
9139 7193
3366 7949
4516 3006
2444 6571
3106 1290
5553 5559
9590 2118
5333 353
3940 709
9674 4902
7186 93
6185 863
6067 3469
7399 308
7747 2120
3669 9345
8579 6439
8931 3963
2030 6895
2769 4727
1090 6268
1345 2372
4187 9305
8244 1459
8200 1769
7176 3599
97 8478
8427 5923
9043 5816
1666 3682
120 7421
1332 4262
5702 7315
2598 3539
2734 5219
6314 6091
6024 144
3699 5312
7773 4570
590 5656
4620 2372
4983 2174
7603 2880
2520 9980
6234 208
7559 269
4000 9740
898 6186
2122 6979
2597 4065
8395 7283
3020 2176
3535 9613
118 2178
2072 718
8721 6241
2534 6075
2592 2034
8740 4112
2826 9684
4506 7268
8376 9792
9857 3605
1624 9317
8341 9947
7644 1795
9811 9898
6465 3013
8163 242
3625 3897
5259 4168
9095 6155
3647 7768
5262 104
2093 5909
1698 5577
9443 3382
4927 4869
4020 2610
4904 2593
1438 4092
8129 9203
3083 7858
2488 9203
8833 8885
6103 4599
7524 2429
2593 4553
4197 288
2947 2308
4987 180
3084 2022
722 5878
6706 9780
7576 461
747 397
2264 8646
2709 2609
8828 5163
1326 2056
5009 4101
6627 557
3899 4106
3271 3704
7566 5887
9578 912
9051 862
4680 1760
5522 7287
359 3340
9251 2728
661 1054
8617 9468
1457 9383
8027 9713
48 6412
659 8425
6611 507
6765 4425
2006 9834
8728 8699
5860 3750
4814 1648
4295 4592
5812 3529
9216 5111
3633 1697
855 9257
4813 4380
2270 2483
7259 7063
4951 1656
625 256
4955 7188
6208 3375
9721 896
5713 2689
9070 9922
79 6416
4170 7080
3264 7931
9817 6178
5527 5345
3121 4690
8116 4630
4151 9550
3496 4621
3666 6009
9324 9887
1793 9998
1436 394
1442 2071
6548 3797
8514 5069
5990 656
6416 9457
1082 4155
8284 7070
4633 962
9052 2962
8961 3263
9994 5398
650 6728
6385 451
5199 8408
8830 9593
2974 4993
5263 5132
2049 7302
2156 8388
9924 3103
9966 8631
3571 6465
234 7152
5494 3398
6676 5422
1299 8273
2973 4269
815 4580
6229 2964
7256 7857
3555 8117
3224 49
8589 1986
6668 7285
4116 574
996 7569
7808 6185
7772 96
4272 2395
7618 6546
9215 3024
9281 8736
7425 318
4870 3540
1231 5606
3723 9433
7316 2670
3293 5287
9332 4622
8363 4012
7784 585
353 6100
4638 1405
894 4654
7118 1915
124 6317
2431 4387
8668 9934
2876 8316
5671 3945
4854 181
8975 7179
4485 4035
6732 6504
4058 4927
3523 7191
6364 7858
4444 8932
2255 7175
2058 2868
225 6455
1248 6677
9786 3306
6578 9619
6 8931
8072 3167
7683 8989
6144 5394
2261 2382
4335 2106
2174 2144
324 8164
6796 704
3799 29
6370 8900
7837 1489
6615 5613
9165 5933
5368 7687
4342 2220
5769 4069
5095 2365
9893 9504
9181 4678
49 1870
7283 1679
3283 8711
5774 1360
5562 5881
2470 3143
8533 8736
9036 8183
8268 9594
3558 8808
2901 2192
6490 5508
8007 7189
9211 4673
7082 4496
3022 2305
9890 7873
8622 5500
5393 5903
4175 838
6961 4964
5160 3040
4941 6539
4016 6273
6728 9416
8759 7055
4768 3802
7155 9159
2333 392
4198 7388
9694 5770
3403 2491
5399 8359
2345 7343
3995 2035
9089 7357
4309 1584
4853 1728
3087 8190
3538 578
9350 2857
6556 5691
9778 9554
9702 9963
9882 309
7622 7149
712 9523
9801 9897
5989 253
535 5284
6695 9753
719 7485
2117 1860
7970 9466
9515 3601
6946 9671
2076 4595
1735 6661
7188 5994
9435 7833
6906 9919
6176 1552
5692 8113
7219 7712
3677 3651
9898 7286
2121 5924
5467 816
6210 7790
1323 8576
2957 1551
9237 8591
8250 8641
1927 4705
4956 4330
8757 3836
185 2239
4734 9029
4337 3290
1566 8771
7378 3330
9417 9993
9049 8632
644 2079
5161 5837
6562 8113
8066 5289
4332 3264
111 4338
8927 2723
2682 9644
8733 1578
7249 1336
5180 3535
1136 2387
6812 5378
46 1283
1492 4592
3216 3105
4475 4644
9804 2661
9750 9405
675 3177
3503 1723
9370 8657
3803 7794
188 4025
9504 8160
2137 3130
3646 4396
4357 7118
7863 7215
5816 1631
349 5531
401 1194
8660 4509
595 9957
4578 6729
2625 2976
2630 2611
9664 4809
6565 4255
2744 511
7094 9471
7356 159
427 9573
8529 6470
7554 2747
5139 1376
9472 1375
3034 2929
7482 4644
9388 6477
1009 7355
5215 9951
982 7361
459 684
9222 6646
3490 455
9700 9587
6037 4456
4809 8533
7632 5691
1851 6505
8371 1581
4397 8963
74 302
4062 1397
1671 3232
1602 6629
7624 6104
6294 3736
9097 9854
9722 577
4025 9994
7051 3603
452 7344
1499 1659
1358 1104
6219 4360
6409 2355
1261 8382
3634 6319
1481 7292
126 4617
2890 1439
9555 6873
2326 1420
759 6723
8565 410
5416 1039
6514 4586
9323 4858
8863 5089
553 3395
1784 6823
4647 873
5766 8779
6738 3062
8756 9568
1026 7644
215 4148
2940 6175
439 6407
1216 5255
2525 7627
5465 6372
9371 1739
7446 9327
612 5163
2279 6142
1413 2540
6594 3915
1818 8226
3257 4722
3473 5543
9969 8258
9852 4606
129 1911
1305 1276
7935 7620
6482 9837
4072 149
756 7363
7836 8778
4313 6116
4199 7091
6546 8348
4859 9294
1354 5415
5463 1294
978 1031
2930 7486
8223 5300
1720 4111
623 9279
4120 7838
9038 690
6354 3118
9085 7913
1369 9627
8914 3840
4877 5845
2909 3535
2243 9890
7455 3903
7997 8685
4035 5532
7865 2936
2448 1763
4500 5648
4635 2767
2773 3230
9136 8378
4737 408
1422 4534
8149 1779
6244 6633
4009 4932
3108 8143
9280 2489
1537 3014
1853 8446
2052 5027
8266 6753
3610 5888
5444 8542
2604 5903
730 8361
9029 1633
1785 1124
2192 6067
7943 1927
2608 907
7175 3704
2708 6894
4807 2972
4742 4326
4453 7789
484 902
7264 2519
2577 2663
7860 2408
2120 8646
6071 8811
8011 3024
4153 8455
952 9467
4171 7503
6679 3466
8609 6929
2924 1292
6017 968
9680 3779
1865 5569
860 7719
7874 876
4147 2245
9172 3901
4094 2898
2189 8246
2961 8909
3223 539
4449 6501
4803 5612
5703 2870
8080 2177
8824 4117
2207 1249
7362 4055
7614 8541
7986 7002
3655 8775
1770 9396
2187 3626
9757 7758
7925 4521
7395 9832
2027 4589
5627 4895
7795 628
4867 4004
3499 7243
4663 7776
8610 4974
4520 3097
9666 2551
2636 8261
3285 9055
1589 8352
6523 3141
3163 769
3877 7200
4245 3146
6504 8596
5850 2353
3361 5455
6114 2525
4552 354
477 7077
2400 5593
6789 2309
1064 9153
3750 3760
9352 608
4978 151
4504 4171
5099 5331
8954 8353
8428 9416
7908 1246
2275 7598
8983 6348
7702 8886
4672 2409
6938 1802
3568 4877
5222 5962
8675 5773
8891 7891
837 788
977 4176
8702 5181
5949 5018
7336 6907
4879 1705
3193 4531
6905 338
6775 9584
4406 8078
7959 8388
272 6333
503 1014
6438 8437
7396 996
1155 1381
5430 3567
1523 9283
7299 7464
2271 5441
5079 9979
2425 838
3149 9094
4276 5153
3874 281
4794 8164
8387 6099
4594 1192
5480 7320
2956 1695
374 271
2403 2070
6545 3059
1754 4535
5895 3285
3130 1896
9826 6053
2651 9828
2939 6563
2755 3815
5420 3197
6036 8620
5197 8149
7184 7026
3718 9520
8883 2714
5951 8131
9451 3252
44 5956
2804 2745
1557 3883
9158 1008
7551 9798
9931 5208
9935 8852
9147 9796
1341 8996
1903 7871
3261 946
8236 63
9569 8854
831 1951
3246 4622
5741 4410
1777 316
5891 5054
790 4949
2253 826
2172 1367
2578 8023
2858 1047
3859 9877
9923 4394
3274 1403
672 2626
6431 1268
4291 2279
2821 1426
2607 4325
8118 2914
2090 8345
7117 1742
7467 3439
1225 9025
9228 7687
6568 2449
6324 3719
8088 6484
3342 733
9046 5926
7619 808
9035 8200
8826 9951
9306 1813
680 4880
5455 9092
5657 1952
400 5863
4482 9579
8595 5787
1900 5659
1873 9738
3508 6613
5269 188
9744 7764
8082 4340
3357 6051
3098 6464
3661 7082
3230 3234
8081 2186
3475 2690
3527 1022
2388 3237
1012 3286
8390 590
3588 1970
8856 62
5519 9132
3597 3480
6068 8200
4393 6675
5074 9865
3567 1151
3039 2133
5194 4755
7201 1356
84 4478
5336 2078
8475 623
724 4438
7642 5854
2457 7590
2179 5104
9864 7565
2746 8408
6770 3117
311 1025
3107 2837
6884 6377
5698 9846
8958 3641
7129 6363
6073 9574
8281 5213
3729 3348
1808 5642
8521 2816
6919 1555
6861 1375
3004 7750
3471 6553
4081 6335
2082 450
9413 3187
9353 8464
863 1423
2960 626
6822 6249
5041 361
6113 9850
50 8828
41 5714
3166 2722
9461 4739
1721 2544
8135 3983
7606 6881
3507 2341
674 3072
2668 6420
5526 9573
786 9203
3210 3186
4242 4230
9850 2575
1766 3389
3630 533
8249 1144
5746 352
9570 1113
1108 673
2105 1083
4091 8622
2440 4394
6898 4358
9062 2761
3500 1731
4871 6045
8381 2223
8468 2951
7086 3533
201 9207
2556 1913
7616 361
1573 6540
4054 4637
6090 8068
6106 5596
345 1981
3818 3785
425 8989
9008 5756
4213 9808
8026 7758
9148 6880
3973 4853
8797 5565
6684 3621
6295 7694
9972 1406
6811 6507
5049 3824
2212 6455
9547 1749
5794 442
8674 8098
6745 8610
5114 6667
6923 2656
8104 717
4579 5672
895 6415
8771 6999
248 631
5207 3427
7677 6770
4532 6320
9467 6678
2637 67
2880 4187
4166 2387
6389 8334
9160 9016
849 6422
1033 2658
6574 9898
3528 8702
9835 1595
5727 898
3637 4610
1634 2929
8606 3088
2014 6143
9865 677
9580 7923
8697 5641
7909 6349
6365 8969
955 5384
2084 9352
1774 1173
4811 3864
6227 8334
8561 5906
4682 405
2650 4286
8457 6909
7266 1879
4960 4653
542 1983
1020 201
2266 4526
2375 2481
445 2157
7968 3940
5865 4825
1298 3373
3519 54
3711 597
1053 6170
9437 1531
3841 2462
1800 2144
9240 5874
1750 9376
8465 3020
6860 6298
6399 854
4920 5491
2588 5617
7916 1440
2594 8662
8191 7366
8542 1290
9407 1574
197 5842
7898 2613
1439 5913
6025 3515
4806 8018
289 3335
1319 9479
322 9936
5896 9935
614 5653
6576 7088
6147 4013
8900 3058
4302 4672
3863 1214
8032 1977
7430 7217
3689 4080
7911 3226
7936 9839
4388 3192
6927 8015
1414 500
8298 6168
6967 2051
6714 2910
1901 5297
164 8377
1055 3
7558 7260
3820 3295
6944 5100
1622 9233
9343 9631
6384 3681
7794 9034
7195 4211
4692 2044
5947 5371
8658 3112
596 240
8000 7629
3058 4934
4551 8870
9367 8881
9910 8897
9403 6389
2690 5714
5131 7836
4959 2470
1615 1770
3049 9319
2129 8307
515 4426
6442 6247
9784 1585
3853 4158
6947 4761
7934 875
8372 4452
398 9831
1954 9963
4670 1096
4892 3866
1038 7659
4778 7855
383 3880
7727 7912
622 4303
2564 9971
2719 4828
6571 7233
3886 4259
1487 1386
1835 1871
2888 8545
8239 4555
8238 5530
9497 3766
9921 4920
7048 6197
6635 8582
1864 8557
4017 877
8146 7993
5219 5953
7422 900
3581 2544
2692 941
861 9625
3097 4957
4391 1798
5862 8546
1861 513
5629 4919
2904 2651
8433 2911
1001 1986
7806 6651
4505 5330
7587 4259
3038 9906
2100 6618
1342 8594
9939 8528
7831 3045
7673 4691
4966 2498
7751 4684
6488 3679
3748 8481
9279 7309
3015 6914
8168 6465
6076 1013
8224 2950
6988 3833
7753 8581
2841 8353
3374 455
8019 2565
6089 8153
2237 8687
5855 1221
9990 7444
6236 8058
4657 4765
7591 9197
1494 6709
3137 9480
8400 2958
5290 9801
6120 1229
9117 4182
2623 1147
8754 6619
3286 8286
6605 200
4792 7119
2675 8201
3315 4159
4067 6878
6792 3863
5658 1964
2733 4946
6407 425
6097 5877
6155 2176
458 6450
9014 7440
8795 1291
8323 7639
9635 3937
1837 6405
8464 3131
5357 2346
3229 3416
5902 8612
2056 7604
1018 9825
544 5406
1466 4672
8181 7853
9463 3174
8620 5413
5110 9433
1081 2420
3775 6574
731 7112
8729 6520
8270 2189
7526 682
9896 2257
6719 6129
6201 4915
6115 260
1933 760
1373 1990
5961 8362
6158 1128
3531 5130
6375 7452
7921 809
4246 4821
2944 5689
486 2624
9276 9617
6726 7881
1673 1004
4142 865
9668 7155
8071 6039
5044 125
5869 5058
4831 3103
2833 3436
3715 7336
5737 2052
1908 5997
3423 9981
3442 5380
5650 5764
8895 1753
1178 9649
8009 9635
179 3059
1204 7664
1511 2734
6116 8116
9033 3502
6849 4007
5609 84
9729 8943
4026 5952
8105 8787
2962 500
626 6674
6623 4121
7655 5743
1150 9205
5941 5322
6054 5286
281 1534
2026 1860
7441 8680
4943 4012
8663 6396
8892 5419
1006 7544
9480 7697
6475 201
2235 3349
7771 5038
208 4016
2521 5791
2711 7965
3833 4401
1377 9436
4420 2975
9952 9852
1654 6701
971 9326
5327 6732
4365 9529
1165 2431
9496 7709
4697 7957
4581 730
3942 757
9185 6151
1887 5
8130 3031
5613 9846
3888 8498
4518 9090
1930 5605
2519 9902
3077 6865
3351 4624
3787 4051
3053 400
5249 6408
5964 4414
7887 520
6238 5517
1891 8669
5141 9607
460 1730
4285 197
80 7508
3676 2410
1151 5586
3104 586
905 2648
6305 6069
3044 3247
5606 4131
5001 3905
2017 5145
7553 6556
3652 4572
308 6875
7123 4368
7453 1102
9466 9953
930 9554
5354 3516
993 8769
5928 7261
39 4227
4350 256
5892 7863
3161 1896
2724 7322
295 4807
9096 6330
8056 568
2877 6433
8481 510
4355 8134
2181 6018
3583 3305
3375 5756
66 6332
9022 6588
1664 3269
820 8504
6780 8117
5517 745
7762 1420
4793 8531
4259 754
9529 5576
8327 5876
8998 6220
8926 1590
9771 4101
5950 5350
6239 3653
8194 4930
6567 8445
5837 2659
1091 4896
313 7572
6211 5733
3950 1847
9997 2961
3141 4866
6428 6965
4774 1581
8092 6853
6225 3827
4828 143
7643 5706
9989 6639
321 4916
5297 3504
4396 4348
9293 2595
4299 549
8351 5480
5516 6885
7778 6816
3678 6380
3891 7599
2794 6470
3171 9932
4553 9946
2865 7587
3019 6504
9832 9725
2170 7408
3520 9097
8578 2134
707 8882
1970 995
2404 7507
5626 5510
4102 2408
2569 3337
589 4356
4303 1371
5184 5045
5624 1127
8484 7303
6321 5868
1043 9237
7752 9804
2917 941
859 7089
6478 3645
6752 4449
8267 5950
7853 984
16 6
5271 8002
5282 5750
1101 4456
9309 8839
1824 2124
9310 406
6859 3726
797 6295
6483 9229
1370 4732
5839 8245
4389 7410
3921 9954
3753 7908
4434 84
9802 7944
5720 197
1145 2822
4627 2056
5628 5687
3640 9551
3541 8055
9396 8157
2702 7506
2840 9532
5909 8492
7121 226
8450 8561
6047 4570
8976 7909
3411 4113
2092 9078
9934 7244
8996 8585
5617 1378
2852 8765
4267 5321
9581 2016
9903 5979
7476 5568
3632 9361
3242 4612
6626 8682
5953 365
3268 217
7786 8434
7932 3174
3549 2806
4014 7104
607 3334
6079 2273
1689 2459
7026 8797
521 6116
4156 6794
7312 6026
299 1684
5958 8337
6297 1451
8903 4738
6593 4105
1942 6076
1751 3429
6462 9164
7870 4341
291 7206
4903 2637
1277 7185
7225 162
6693 1638
6481 6556
6519 9563
168 3314
449 9400
3918 6574
7347 7698
3446 5315
1456 4434
1153 5719
2040 4231
265 4598
1458 3589
500 9440
9773 3090
4709 9482
2854 3302
2437 7033
3328 4167
1939 4716
6237 535
2278 7419
8013 2796
9684 7854
4913 428
3197 2665
3270 2498
5992 9518
3815 7757
328 2935
5510 9594
1819 9791
7807 1856
4338 4045
4028 1067
2420 3779
4206 7193
8263 9086
5904 6130
8064 1225
2032 1660
2011 183
7250 6204
9501 2101
3479 3193
8091 2406
230 208
300 5305
7235 6976
2591 3603
6137 1422
4319 7404
5792 2779
6589 384
9617 153
9920 6749
9031 2105
4404 5238
4715 2572
3954 8539
2204 2112
195 8316
8787 4535
7893 808
5113 6376
8222 2042
9983 4455
4833 212
1046 1956
9891 7291
9389 2091
5098 620
4333 8779
3916 5820
2201 1890
676 5165
2390 1064
2574 258
5492 8483
649 7106
1817 9827
1381 1678
4585 2946
9597 9559
3708 1846
9808 866
7713 512
9219 8092
1554 1954
8115 9758
2730 3515
939 8020
6121 157
8005 203
2731 110
3284 6110
9679 6912
1321 8749
7923 4063
4103 4016
5170 3754
8743 5026
2410 6411
8460 3782
1187 6714
2034 8457
531 3310
7432 3869
6357 66
763 6299
5810 8526
9428 3670
1489 4162
3101 561
7910 3804
5169 9835
5332 5075
5832 3574
9607 4165
2514 2014
5362 9354
9356 9368
2126 1863
8024 9039
4659 7632
3705 998
911 9893
5556 7051
348 1776
9774 969
3000 7339
1233 7201
156 8838
3451 3203
1841 119
4111 432
530 8174
7337 6333
5213 476
5767 8286
2663 8788
385 5911
812 8385
78 1673
4215 415
5575 1805
9777 5882
4642 1655
7227 3289
1791 3081
5663 6756
9725 8360
4479 575
9053 90
7135 7527
8473 5448
3761 1638
9114 4654
1974 8204
5751 5948
1344 7476
3776 4680
2783 6244
6980 8707
3700 8360
839 6430
5405 682
9436 826
6971 6975
7515 2187
341 8318
3550 3932
4311 4642
2458 8279
1287 5155
4743 3143
1182 5163
8416 5432
1878 7731
2491 6961
8944 5457
6396 6311
6216 1638
6803 8625
2248 9977
5065 8767
2796 1806
8924 7085
6164 8452
4990 1724
7374 144
4043 8924
5228 6438
8444 8423
1034 9562
1273 2369
9183 8379
2747 8573
9380 6573
8777 1583
7302 5946
8349 9843
6496 9408
5776 3676
1685 8016
8495 6733
4287 6717
1171 977
689 5618
3386 9250
5745 829
2384 779
7168 5670
4491 5369
4086 1448
1447 4783
6899 7908
2200 4585
7106 2972
6287 1661
3755 4938
8167 4501
5701 6498
15 7913
7170 4664
1709 4563
5899 8499
6787 664
9292 6145
3186 2545
4414 1781
9839 7389
4830 6628
1352 1195
3144 9210
9624 8249
5540 4981
3974 8322
157 4631
7240 2215
6756 7732
7894 859
5857 3596
7905 632
7023 3585
7775 7795
5965 1954
6758 2502
3967 9816
6543 4414
7220 698
9412 7128
3977 871
7903 8897
9621 299
6179 1309
329 3746
829 4794
7604 7209
3353 5768
1432 2276
6646 9443
1585 2936
8155 5873
4037 2651
7145 7952
6660 5311
9859 2613
4788 7102
7035 1874
7493 6961
6703 3916
6866 2483
9628 1782
1338 8037
7047 628
8876 9213
7785 1328
8485 8384
8539 7384
7907 9716
24 4415
753 688
6597 9804
3691 9231
3126 4196
6060 510
1160 7337
376 4037
809 6667
7044 1852
3586 7885
6641 6142
7690 6207
655 8164
9603 3493
8952 8991
5051 3227
3642 107
6584 5651
547 8959
8414 579
3048 4169
8737 9417
4569 4044
1166 9578
9347 3798
512 444
2233 651
7206 1905
8633 5196
1519 7323
7411 4058
3155 5650
5324 4680
9927 8022
3484 5748
5183 4533
5907 9987
9823 3302
4298 5093
2051 8082
4775 5241
7460 1650
2344 508
5358 543
847 1205
9072 5781
9503 2674
9269 7932
5231 8594
1168 9541
6818 3209
9974 5716
4127 9492
1521 8497
5097 427
2088 989
4234 748
4503 4581
8858 7148
8057 5337
6014 9959
7028 7106
7133 8464
4008 2603
6904 6611
1237 5245
4435 800
8748 2175
8205 6486
7899 3781
6918 7933
4144 4052
326 4283
1560 1322
8126 2060
1024 4625
8793 6164
6889 5344
3791 6098
999 9390
6053 2893
2835 8567
3129 497
3105 8525
1401 32
4182 6520
8285 8051
9468 8363
8939 5364
6162 350
3513 4767
5576 3333
8360 3149
3400 8051
6474 1404
3082 655
6189 3281
59 811
7770 9104
6156 4785
1267 1794
6004 8297
615 3604
2553 1273
3524 4620
4044 6537
3919 682
9006 2577
268 5110
1759 126
7244 5107
922 4970
5308 6657
4703 4796
6633 5590
7548 5431
9575 3735
2527 4434
7896 9694
9557 4889
368 1011
180 9525
9047 6795
6374 7217
4711 4755
3453 8618
2281 3433
3573 3269
7386 5192
4845 3235
4652 4624
5750 1890
9866 9637
3952 687
8059 5079
5437 3153
6400 3461
4666 5794
2086 5036
2241 2052
491 634
7595 9143
3153 4343
8388 1675
9445 281
2741 3338
5854 8215
109 8375
3721 9232
5365 3813
4250 605
6371 1288
7494 3512
9004 9631
144 3063
4063 7611
9023 4951
499 109
8307 8249
8356 9704
4842 251
1094 7843
4214 4104
2071 9933
2175 2928
9464 7826
4180 1146
9619 7614
3838 3043
7454 9546
4400 5253
7449 5738
9948 6184
4622 4672
7375 3889
9541 715
2108 5312
1485 1381
4548 5899
293 1438
8555 7905
6965 7089
4964 9004
418 7646
9705 886
9769 2131
6867 7608
2240 9233
2645 6480
5581 7681
734 5302
3616 451
7792 2613
365 9226
5331 8933
9714 697
4286 7553
1683 2968
4625 5791
7358 3622
4535 8918
446 3391
6304 1508
7456 1120
6339 6012
4381 7663
7076 1394
2360 8603
8959 5981
9713 1558
6319 9630
3749 7969
2343 6694
3380 6603
3618 3166
7688 7340
4109 627
7400 8084
5707 6326
2712 1789
8516 6247
1357 7186
4543 8692
5433 5667
4850 2739
9961 7207
8412 6751
4451 11
6377 1410
9951 6837
7738 6488
1822 2795
5348 5579
6779 7949
1340 8468
8134 7880
170 5341
1522 1315
2284 4046
1500 8605
3635 8122
2328 2280
4863 5026
474 2189
2079 4936
9074 5450
5548 6773
1070 4059
340 8575
2190 2906
725 380
76 7511
3566 2394
4786 6865
4513 751
1630 4005
7974 3116
4092 824
4022 4239
6715 6376
7245 5876
3250 3463
3769 7709
4010 2666
1938 5072
3866 7791
9470 623
7008 2945
2994 1008
3934 489
9813 6860
4122 879
4829 6208
9410 1724
9738 2537
6141 3272
2559 3275
3906 8057
7459 7884
1258 3667
3935 7984
236 5820
9650 2989
983 1853
2477 9818
5140 625
7232 5017
1301 9711
6148 7311
5561 4763
8938 3218
4164 9636
6750 2342
3434 782
7686 283
6865 3585
3801 6597
9103 533
1076 143
7039 5905
1773 3749
5031 2997
3089 7345
5867 3516
8402 7393
2694 667
2721 7864
3908 5640
7027 900
8399 6223
6246 7047
9288 7179
2109 1482
7501 8412
801 6443
7385 8406
4038 4770
5724 4020
9198 2956
5237 9850
8558 4534
7662 5605
6846 7207
3798 8115
8494 3949
4136 2357
6186 2179
945 3337
4525 169
2254 7329
8039 6853
8776 7382
637 3425
8862 4958
9872 8557
37 7588
2361 2544
5438 592
6949 2492
5364 9652
2246 1597
6300 8276
5901 5372
4566 9490
701 1106
3231 1591
3005 621
7224 3721
8392 3752
3444 5726
3322 1156
3151 7685
9270 4321
2324 181
71 6964
2893 3500
5315 3298
8638 9995
1464 6499
6590 2691
6936 3050
5264 3837
8378 5145
1968 4197
6652 3228
1747 4601
1604 3886
5449 741
2309 1619
5300 4364
8621 2761
5985 8425
7620 6233
2475 4591
8586 5259
9959 5538
679 1963
2101 1980
9505 5415
2373 1112
6406 2732
318 9591
5363 8124
7062 4314
8377 2635
4701 911
7242 9245
1535 9134
9325 9006
3537 7051
507 3707
3102 7304
6018 1916
20 803
31 8605
5604 8504
9548 475
1480 2438
2398 3628
6272 209
6650 6140
8601 6158
1594 1854
1116 4410
9169 5914
4462 1051
5578 7878
4561 5647
853 606
611 9981
4471 2292
9167 6921
181 6939
3911 9765
7879 4286
8626 6214
9964 6959
4046 3824
3923 5521
6343 2351
2111 9500
9988 4046
5688 4271
8745 1089
4667 2470
1109 686
5404 3625
3114 764
8258 1258
3007 8504
1918 3833
5830 3592
5284 9164
3847 5062
9229 598
8815 343
5718 9254
3029 4343
8687 4635
9785 4754
5639 2331
7387 463
8836 6159
5777 5292
5396 574
7057 4646
3540 3094
794 7236
9844 8419
9120 4851
5176 9911
9925 7726
8585 3368
7371 8122
2832 2936
7093 9171
3937 713
4839 9709
8644 7958
4937 5760
4745 5466
1288 8438
8076 5491
8962 5502
1366 6414
1772 5181
1424 8501
5884 2013
9805 4835
1071 102
2352 8889
431 4638
5954 4730
3835 5101
5559 8057
8607 4557
4203 9782
8753 1117
7040 4216
3765 1123
3054 3654
5493 2260
1382 9468
2289 8418
7634 1754
34 7265
3 2173
370 8415
2899 7362
7325 1648
7363 836
2301 1253
4282 7313
7271 6045
2069 8132
8779 8042
585 8469
995 9286
6824 3338
1140 8061
3867 1440
7486 5279
2498 2377
4700 1655
3277 7473
7141 7759
6002 4899
2669 3789
4148 7680
4847 471
7783 8418
5132 7128
2579 4107
6143 507
3343 7447
8790 6091
904 172
6636 7170
4613 9997
4665 2930
7810 3922
5296 5536
9764 2501
5476 2983
4632 1026
5570 1194
2820 1899
9652 3820
4132 4742
4946 438
6912 6910
3481 5428
9494 854
3415 4390
4208 4405
4347 254
5144 8054
3372 7019
9756 6505
7437 3643
8162 5561
2245 7660
4726 1025
8306 9869
2596 4172
6001 3680
4184 8593
8918 2503
3641 9996
301 5302
9761 6705
5329 6050
8172 1420
8800 3211
4855 737
8477 7362
5459 2143
1934 2686
7197 5733
579 2330
4688 1923
2336 8949
1676 5604
2364 2377
1828 7734
9336 8360
8085 5204
1619 676
6600 8201
3088 3983
832 2743
7980 5616
2267 5725
7265 4071
1988 278
9522 5884
6096 6304
9611 2729
4317 7810
6022 6892
4481 3816
9565 1348
8680 7067
1193 4414
7577 7887
9093 3069
8592 748
9730 8506
752 9785
8504 4405
1011 7072
2752 142
4382 5428
3435 2724
9283 9966
2760 6939
5495 4632
4119 8005
8523 1132
8069 8615
7156 6021
339 2629
6563 5000
1763 6468
8698 1569
3965 1180
524 3424
1803 4928
3389 7898
9239 1446
2149 3029
2672 2212
8575 5040
7431 7821
3561 1856
6915 5590
3902 8879
3577 3007
1577 5605
7079 4463
8781 5348
1240 2159
2469 539
9112 1090
7594 1790
448 8828
8479 5408
9402 9481
5 6122
2793 194
9327 1042
3982 3853
6123 3135
493 6538
4616 3190
2104 8567
4232 4069
3057 6899
9063 8385
4993 5640
1992 3496
6872 2063
7255 4697
3139 6853
8447 2153
9375 1098
2929 8556
5710 7925
8960 3967
3436 7197
9026 3842
6658 6222
9394 8575
6850 2626
2202 7200
5389 9904
634 6543
5401 5893
7202 9296
9926 1986
402 3489
8097 2893
8813 1258
7064 1958
3308 3663
1189 2708
3966 992
1563 7157
5343 9986
1252 895
1946 6856
563 5126
4524 2868
4776 7248
381 1553
4135 9586
6958 3662
3741 7390
444 8730
2160 4761
2376 2559
242 732
8546 8278
8851 3920
9083 7340
3925 8882
4797 2335
6640 8735
8499 3698
2185 2073
543 6152
4352 6753
4735 3570
5175 4322
2568 2798
2984 5711
6838 8182
2919 6988
3480 3779
5531 2400
333 9675
4107 2743
3122 4449
4757 8643
3281 665
2417 7654
602 9073
3932 9997
3601 7355
2251 1980
8016 1363
3156 4887
6549 49
3613 2198
1088 1886
4041 2085
8374 6747
5781 3620
6711 9143
6516 3310
1838 3828
3291 7430
7638 9016
392 4178
1416 1926
8785 6063
4312 8566
3128 6791
466 9941
7561 8798
3025 7464
8902 1898
2325 2064
9829 3646
8448 6447
4948 700
6358 762
1058 2761
8103 6619
5123 4786
1951 9668
2257 1237
7052 236
8397 7070
1294 9118
3702 8143
5384 4485
9176 1747
4377 4774
8587 1520
5039 826
5200 9930
9311 6838
1434 4585
9224 6211
233 8981
9132 9653
7782 9858
5186 2654
1498 4235
1707 9441
4409 6364
5922 185
2629 155
7101 3209
5071 1992
8339 4758
970 6080
5697 4993
3844 5146
8045 213
4181 6594
3349 5025
5783 7680
9011 4287
9962 3071
7442 5976
9192 4580
5195 4307
6634 8079
5827 1719
5103 4405
4078 5390
1181 5698
7389 7508
6804 4554
8704 1799
8637 9802
2061 4021
2847 7001
7854 8028
1527 361
9511 3759
5934 2514
2622 7793
8549 1353
7964 5638
6459 404
8342 5429
8430 8112
8625 1612
375 1317
4274 6307
7971 5536
2379 2711
4374 6398
8308 7173
7357 8675
3686 3054
1702 181
1129 35
2466 7439
5864 8770
8215 9342
4321 3864
5328 4165
7588 5764
949 6582
3758 3242
7341 4684
7710 7088
3813 1306
6645 9232
4216 7469
8943 8200
2273 2759
9030 859
3889 3872
2225 3932
8834 6989
8131 3887
7500 9853
4310 7479
3497 1091
2412 6844
3546 8344
2813 1782
668 7189
2197 9048
4032 6070
886 6567
2602 2
8095 5652
8445 2142
52 356
5798 9979
1696 5476
6220 124
9069 6252
5456 3813
5346 7835
3636 6978
5740 2679
1027 6984
4865 1966
7468 3888
9441 4509
252 3786
7942 7492
8090 3990
1904 1363
7152 212
2451 35
670 7386
123 7385
5817 9321
1852 1207
3136 9266
6644 6274
6997 2066
8792 190
1518 2283
8723 3236
6129 7112
7617 7243
5166 9944
8383 3548
6503 3482
3060 572
1581 4549
9825 4900
7211 8043
6360 6838
2074 4130
1334 6506
6722 6839
9588 969
6434 6350
1110 2684
8946 772
8973 9234
6464 5078
3780 7712
4810 7523
4004 7947
723 1051
606 9058
3936 4908
4598 2305
1860 1738
2856 1450
574 2346
5788 7013
5190 9081
1668 4206
3059 9469
4760 6061
2154 4915
2305 5422
1732 6530
6613 7067
6446 9421
4800 3202
1348 9347
1262 5026
7487 384
5593 1146
9685 849
4410 7208
7941 7461
6654 3302
8911 8918
4383 969
1226 3254
1336 859
1628 2000
1551 5116
2286 8137
6897 8860
6061 631
1291 6566
7845 758
7434 5586
7992 6282
5838 2703
5733 7647
8110 1479
5885 6704
6344 1864
3645 9415
9629 8103
867 2378
2528 4543
8272 7820
9359 4197
6799 3374
4791 623
1716 3022
7237 1011
3265 5924
968 5188
4492 2140
1002 3106
9798 3317
6661 1415
9782 6690
6449 8086
7234 8224
7987 8325
9442 1200
8742 9128
7370 483
8744 8468
5820 3220
2922 6461
6723 8378
6517 2845
9695 652
5460 6046
4176 7468
7672 5304
4882 7749
5999 9189
8175 2576
7695 8310
2908 481
1646 2246
8685 7119
6095 4698
2959 3320
5552 1866
9789 8849
5807 4601
2339 6699
9849 4248
8328 4390
5521 6383
232 8017
7583 5259
141 8360
8936 6415
865 5104
4205 7107
7022 6175
9180 5259
1950 302
1532 7764
2823 398
5155 7659
8451 3237
870 5933
1552 3554
8980 1344
9854 8262
6359 9066
8769 9095
274 8073
4542 4092
920 6112
4685 4929
7161 1144
1995 4979
9361 2796
4718 9692
4159 2471
9225 5037
9599 8986
9513 3967
5304 4471
846 9632
6317 7167
5383 3985
8365 3331
2536 851
9010 3985
1335 4740
7466 6012
3607 2711
4497 7835
840 6985
5067 3489
2148 9453
8120 6211
2099 4152
9847 5356
8877 6863
2546 1440
5172 7435
5795 3158
373 1894
9440 2304
505 3276
6643 3477
1520 6065
1208 3895
277 3294
2679 2338
9002 4823
1461 2402
6105 9193
5716 7934
2320 7481
9218 2733
2740 1529
2274 9202
9508 2748
8317 7221
5024 8158
2124 9320
9985 8527
1786 7202
6896 8009
6976 3101
3431 9115
5104 862
3623 5146
4571 4340
6222 5333
7988 3405
6559 3493
5972 1967
4783 1952
1629 6957
980 3919
2247 7552
6761 3431
7012 3842
8981 5617
5804 8913
858 4868
3169 2822
8703 1339
1505 1869
3135 4393
9260 6335
7011 3098
9294 2559
6218 9469
8037 6715
7036 533
9253 6458
3409 7312
9748 3605
3493 5056
7408 3039
6964 8452
255 580
1083 8988
3825 4852
1894 5098
2871 3930
2068 2169
3382 5980
4139 4959
1691 2496
8279 8817
694 2971
167 6019
9126 820
438 4570
7037 386
5294 6653
6188 746
4648 5266
9416 114
7267 3344
4858 7973
873 598
4244 8267
5003 4627
8197 1630
9642 919
2302 1194
1907 4524
8543 52
1582 4358
7880 3075
327 7938
6417 5155
7305 3979
6917 6623
2157 3333
2312 4825
5565 5309
6348 6193
6122 8222
3679 2343
4145 3391
662 5452
3036 224
1329 2473
9981 2631
3727 4089
1347 9330
885 6155
1929 994
6223 3034
4348 7229
5897 4438
2677 3635
6778 7269
1111 8276
1804 467
2013 2477
4646 430
4040 6032
3828 1924
7694 4470
6663 2179
3648 3855
7716 4555
9018 4253
4488 866
7781 5747
9917 144
3971 2414
2180 6253
1688 6629
1928 5408
3397 4133
8084 1595
9381 4874
3133 8622
9915 4663
2258 3581
9409 5424
9143 1931
1177 1572
6306 655
6692 7559
6325 9298
2143 7310
7002 2757
4739 2722
3544 1124
3834 2879
3959 554
184 808
4565 7800
4052 5368
3590 5350
8020 3126
8820 6970
6833 1002
1565 8656
3778 85
7166 1081
887 2415
7750 1494
6507 1658
4649 6172
7041 6060
3627 3185
7563 4663
5076 9435
1398 8240
3823 45
8354 5101
2167 7496
3670 8867
4268 8632
2544 6663
1850 7016
5382 919
8517 6
777 8563
1202 1614
3119 618
1972 8924
3341 7490
8676 6526
2524 9658
57 6190
3733 2546
6058 5518
8240 5199
3896 7091
6966 9848
5706 368
6604 983
5053 6867
7049 7369
2094 5858
7508 6470
5350 6627
4378 9310
5057 2241
8783 8730
4588 5760
6580 4774
476 5488
3064 9767
4755 836
4050 9076
2210 621
9214 6596
5574 83
556 6189
6050 7148
2337 3175
1643 2566
6426 3211
5127 8183
2263 7675
1313 3279
5956 5318
7000 753
9019 5337
8551 8699
8881 1411
1923 6729
3578 1577
2441 4064
3232 2959
7760 6554
6856 4825
5265 7474
6708 8851
4331 8681
5762 3140
576 4433
447 4958
1161 5295
4558 4720
4361 6239
658 6526
7933 5936
8941 2425
5819 5743
9916 6974
4296 4721
6981 118
1941 52
9519 7843
4728 3485
5185 8233
5938 7351
1859 2184
9830 4513
4846 6731
4926 8010
3793 5212
9618 602
7060 7962
6500 8254
87 5960
5162 1840
7885 990
732 6779
8256 2841
3832 8663
3873 9780
8693 4550
243 1627
6253 5202
3459 9073
9450 7528
7096 6717
1185 7996
5689 2840
1877 8415
5524 2754
7138 1542
3980 5448
5335 3390
7021 7117
908 3581
6338 2062
748 2636
6825 7140
5840 8780
7390 5789
8630 2260
9845 3848
5618 2725
9545 667
966 8882
8148 924
2438 7577
4917 7009
8241 767
1679 3798
3182 9361
175 6052
2809 6426
6601 8542
6015 7203
5824 3004
4732 7179
3744 168
1910 41
5555 9058
2229 3245
8029 983
4308 6192
5182 9053
1741 1974
1729 6124
3226 3822
492 1516
2135 7376
8979 7264
5975 3747
5879 8853
1420 9218
2430 8599
8375 6455
1107 3540
6082 3970
1761 939
5370 1552
5622 8450
8154 5083
884 8338
5981 672
6404 2615
2447 8071
1460 5343
9897 6875
479 4119
805 960
7888 6364
2004 8018
8718 4615
6552 8539
7388 5620
428 1809
8125 5252
9127 7031
2575 317
4698 4762
7119 3902
1612 1388
70 2669
127 2405
718 7986
6440 9531
7999 1181
9704 381
9448 8248
8275 2150
9249 6637
4379 4452
1987 5463
7788 9352
7359 6339
6697 2336
9521 4939
4702 7280
9654 5240
845 7454
1647 312
4039 8746
9101 8554
5428 4369
1210 14
1123 1399
6689 5210
2292 3107
2497 392
518 4725
5235 4298
6040 935
3321 5565
4740 4491
5373 1246
3614 3065
5429 3982
5390 2108
2484 3050
1712 3500
9742 9961
7913 4498
8364 525
1075 7809
6149 8313
761 3246
2396 3066
4974 2190
8898 7399
8140 9139
1061 793
2642 6100
357 888
6098 4877
1681 8011
9421 6925
3074 9917
7142 6380
5058 1890
5631 1124
8347 1790
1699 3308
1584 7605
9853 1038
8995 8823
4265 2565
1475 242
1914 4307
5632 5901
975 4081
5292 8585
7055 313
5939 5437
3067 5517
6307 5720
6217 1484
1172 3106
2493 4532
6193 5079
4480 7000
5316 4070
5255 3434
3516 7897
7679 1057
6740 7473
4849 8416
1192 5086
6993 3871
5122 205
9792 9825
9998 5345
4401 6734
2386 5675
3562 9592
275 9634
6942 8015
2664 4567
3757 8705
624 3240
3244 2615
3976 9976
3325 3464
6883 2605
4006 1131
3657 6915
9824 9075
9937 9854
6606 1135
4918 1758
3839 6244
1598 1973
2928 2169
350 2821
1105 559
6170 9596
1567 1166
8246 7837
1839 1166
2792 9838
3070 9062
5023 5365
7633 4004
5461 1715
3337 3924
9657 2995
1539 1493
7776 6563
3735 9336
9484 9965
931 2698
2911 8347
5518 8180
1558 9504
2784 343
3429 9112
9134 2961
3958 4012
5621 7031
9184 4978
2529 8453
6233 2467
4653 6498
6069 8068
3617 7985
4861 2700
4785 7570
369 4189
1017 5840
8937 5077
3355 5852
9289 5644
5823 1545
2873 3531
9366 2177
3730 8396
3378 6112
6394 7463
122 7412
8999 65
4782 2177
9954 1146
2351 2787
9298 138
3998 6741
1405 7028
2572 6098
9000 685
8847 7654
4450 6364
9517 3268
8424 1526
3927 7900
9476 607
9655 6771
7973 841
330 717
5069 462
8641 9147
708 7843
3504 5102
6977 4491
2545 2525
8957 1612
2643 2002
6033 4825
3720 1131
7656 9080
3440 2628
7258 8963
5596 5024
6935 556
8873 233
440 7811
270 2623
5164 2681
2287 8918
5780 9751
5554 5927
9300 9176
1213 2300
2331 5123
2505 3702
3704 6109
1882 6835
1472 5926
9285 8174
6340 5445
3424 5643
1211 3204
580 7376
5588 1516
4843 3807
4607 4246
7308 9946
4545 4633
9207 5318
1745 1299
4724 5059
7470 67
2978 819
8597 753
9809 5107
8449 6095
3664 1941
5594 2085
8436 4560
3880 8550
4212 9550
7534 2540
2975 7177
6688 7577
9153 9652
3557 9877
5318 7085
784 9004
4437 7394
1122 1572
5239 1859
1917 7765
5236 8393
7732 6566
5163 748
3836 2643
5317 4356
1230 226
9566 5231
7542 2671
6471 1904
5635 6560
9137 8682
854 4538
8329 9750
4890 6910
1562 19
7882 4310
2096 5848
9400 6886
8070 8319
7540 9158
916 2973
7207 6184
8158 8865
310 4984
7180 3353
936 9687
2250 7121
4538 6259
9195 6116
8425 3203
8632 3294
4540 2302
4373 7859
4047 4726
6362 6488
6323 203
8068 921
5530 8515
6777 5560
3191 8747
4241 1822
6665 9825
3203 4170
6572 8326
2567 5268
2503 5590
86 4354
7112 5619
7033 8771
1380 5660
7848 3804
9015 8771
960 2377
2433 2456
2155 908
7991 7491
4676 9643
3864 7876
8722 6611
148 2111
309 5056
7757 3812
8861 981
5669 1681
6083 6082
974 1794
5135 8017
3774 7020
3747 3441
6536 4522
603 9411
2715 8376
8046 2457
7419 4284
2855 830
2199 1359
7475 2567
3033 5918
6570 184
1892 7303
1961 6480
1190 5967
1410 554
5167 1149
8614 4524
1065 1108
5483 7725
8367 2322
2296 1063
6592 1191
582 920
3978 8618
7648 942
8280 6383
7717 886
9458 9143
997 6912
5474 4516
7995 4212
7730 9172
4415 5270
2916 1278
1767 8926
1449 9135
9005 5224
6173 9058
9060 3500
8109 7550
9965 7072
8569 3556
2811 6605
9170 312
8411 6284
9810 9913
8865 4692
3134 8326
6494 809
4114 2213
2019 5977
1813 888
2147 5977
7733 2810
2775 3377
9735 3402
5910 132
9200 7932
3350 1941
3035 5151
7144 8063
4747 1822
3148 7425
8778 8788
5016 1023
5952 1465
4763 1066
7861 6133
9039 8790
4933 4233
4944 1438
5503 4540
4673 7937
2878 4052
5266 5450
844 1633
4563 7374
4305 4222
1242 9072
663 7637
4186 3939
9462 6394
6128 9908
7284 9996
3213 7053
1167 9941
8322 8943
8291 3814
7793 2857
8701 9213
9536 4101
6564 4364
8515 4187
3324 1128
1247 4491
6032 9275
9075 634
8925 6146
1506 5936
2435 2902
2060 5069
9840 8462
5440 364
843 1824
7769 9334
9715 642
1655 2014
2671 3634
3845 3855
3096 9494
7581 8561
3870 9650
696 9983
103 3652
8825 3986
3478 8738
4547 3746
7067 2857
7573 2312
250 592
7098 8156
2346 1966
8288 1135
2310 7863
4087 8763
9821 7265
520 8199
4750 6240
8491 2816
8818 7377
1399 4825
8043 4801
3454 7267
9423 4605
7338 7263
9238 6319
4390 4810
6749 4181
5240 1565
9246 6528
1669 9763
7124 3467
2152 3713
4001 3323
4345 1172
7754 7599
9577 3900
9708 2355
7535 1820
6135 4546
1983 5546
88 290
5623 7784
2881 2588
5077 2105
6814 8467
1658 5717
4522 4611
4968 9522
314 4270
1493 485
6620 5789
4269 6689
4033 6224
3993 7067
453 1981
6146 2014
3042 8276
7912 237
8709 7281
3797 2159
3234 3045
924 1644
1840 4423
435 8625
1967 653
5966 1197
2786 4494
7334 3601
1645 9581
4024 3835
40 9397
1549 3594
9247 5110
3227 4813
9772 3310
9012 1398
354 4026
7749 4350
3417 3432
5424 6267
2227 8336
9838 5670
1057 2589
6163 5582
2303 4720
5541 2826
1250 3226
7981 8865
229 9200
3279 5305
540 9159
2753 9884
8520 3635
7233 5135
4368 5429
7317 7553
6782 9820
3364 9905
5349 1482
8636 7447
2383 7055
2393 4121
1159 8796
9244 660
8623 5692
9720 6996
8932 5812
1315 6137
4527 7013
2494 3669
200 4401
9213 3003
3683 5205
2015 7696
3314 5969
9563 2932
3714 1283
8507 1879
3707 7355
9858 6103
7095 8043
5607 7453
9690 752
5243 8812
1241 5850
4876 7182
9159 5171
5647 7682
806 6075
6423 1203
5034 6908
8269 772
5935 3780
6582 7459
2980 4068
8598 7988
591 5865
2091 8278
8557 4056
5680 8669
2685 7688
1913 1123
755 4942
2589 9963
6712 9823
7150 5368
7248 2648
4048 5284
5093 900
8492 975
4824 4562
414 9177
8301 1686
3100 3679
6110 8540
7822 6080
5603 9130
6771 291
3522 5017
7689 1005
7297 2660
7763 6612
7169 7678
7890 705
519 805
7572 6690
9820 9110
9947 9535
4149 9038
7445 1995
2547 4874
9316 8506
1194 6911
5021 5860
7491 796
7851 4531
8724 5475
6873 2431
3363 2942
8872 2254
1425 990
9479 7477
8966 3116
2691 221
2845 8846
7088 1298
33 5765
2640 6439
816 5505
608 2933
4985 9365
3999 7903
628 1528
191 3222
7069 2783
5192 8530
7611 268
1623 7194
3882 6489
8018 4219
957 2375
8003 7460
7228 9354
7257 7326
258 1468
850 5509
89 3822
3737 2040
7570 7420
3732 3457
8296 4386
514 7756
9321 4340
8226 8643
8137 5896
3665 7369
2186 7735
2321 3506
9202 1637
2450 6394
2776 6370
6264 7260
2097 390
4619 7905
5146 8925
1385 4175
7780 3882
1176 5282
7519 2674
2385 3404
3671 5601
8394 6584
7469 4981
6862 5559
9027 6115
9301 7799
1286 5217
1755 5505
8187 2876
3177 4855
3631 1407
1858 7401
6619 342
6707 6446
131 3258
4812 9676
2389 2624
5586 6923
8216 7139
6132 8460
8189 3055
6107 2505
8727 8066
2485 7228
6393 704
7825 3597
138 7043
5645 1894
2198 1346
4003 834
2463 5583
8823 9932
4104 8620
3354 4688
7712 2306
9889 5596
1200 8345
3600 5342
2037 9847
3425 2428
9950 7819
9271 9319
9438 5785
6424 7624
2392 4607
4744 5199
3827 5426
9940 6470
5544 629
942 9434
9340 5244
1789 4995
2754 8933
3069 7631
4714 2201
8982 1336
9155 6654
7571 1032
7420 164
7669 6181
6415 9164
826 4258
9556 9976
9330 2308
8274 2747
7246 619
5101 1391
2780 2085
5083 1665
8580 2056
664 7054
3360 5879
4419 2866
4982 2781
940 5705
193 8564
3384 2139
4140 7016
5412 8031
2422 9378
3072 4645
879 213
8141 2766
2661 2912
3807 4137
2913 7296
9834 1403
2706 1623
2080 8889
5643 8566
3154 2455
5397 1044
8483 5043
8875 8036
7658 4914
5600 7989
8922 2301
9427 7647
482 7127
6747 9975
3367 7110
6029 9445
8635 5553
7744 5585
1279 2178
412 4350
3785 1626
6502 1711
7333 3183
207 9236
6830 8083
8147 3075
8122 5085
6530 3580
3725 6681
4992 5069
5347 294
2368 3646
6435 54
9734 7210
9234 7610
4650 7879
7529 9095
9454 8650
2249 4027
4601 7349
4230 9763
5000 5484
5813 6981
8646 3684
3903 4696
9042 8410
8497 8462
7230 4496
633 2003
9399 2359
5996 3007
4173 2717
8318 2466
2797 9652
6932 7453
5825 301
279 3181
9457 443
8160 8106
9585 7007
5752 3532
4852 3647
6874 2060
6445 209
5918 8121
8734 9573
1812 4444
6311 2609
1031 1593
710 9741
8454 2808
6581 7536
7005 5875
4201 1817
7158 966
3574 9311
8525 6908
5913 3900
9203 4253
6452 5836
5378 4334
7816 2057
9044 3639
1528 3575
9828 1828
2585 470
2123 8261
3585 166
7631 5525
8461 5610
2902 6668
9675 7314
4534 1424
6221 7484
7720 6610
9681 5245
9193 3093
3445 4802
1085 3079
2745 1302
3591 4556
116 1010
3027 8016
657 6071
690 192
7275 9224
6308 9555
9936 1748
5094 1268
9818 4065
292 2428
6169 1495
6133 4204
3658 8827
5060 3843
1708 7134
9064 6183
198 130
5535 7008
8431 5261
101 4779
6206 6169
842 4298
6013 7106
1728 7012
1317 6675
1350 8640
6956 5825
4971 7095
6299 8023
5425 3482
1356 2830
5147 579
3991 7671
7859 6047
5501 4336
7562 2087
4713 4594
4761 7542
6797 7134
3525 9269
2764 746
465 8078
1049 3488
7330 9050
4424 9783
7497 3606
9806 5144
472 9597
6087 6873
3773 1820
788 6889
827 2280
6985 5689
8218 1693
4795 1743
5914 540
7105 1587
8732 7966
6743 9924
7681 9150
6194 6246
1743 4222
9860 6108
2459 3878
6136 9334
6542 2643
9623 8531
4872 3435
1283 134
6829 6960
8811 2154
1642 594
8204 7680
4564 4073
8030 7319
4645 3292
9272 1270
6174 4994
6625 166
6851 8157
2173 5398
2471 814
7344 5801
8554 4323
4413 5150
2626 853
4954 446
7736 5940
7484 6007
4796 1599
6039 2543
1846 5946
8506 6357
1408 7690
1209 3749
9312 6887
4725 8245
5661 7772
8346 4648
4083 9156
6109 5002
29 7871
9646 5429
7013 6301
8403 460
9788 2122
1235 1674
7628 992
4567 6261
7972 7940
4942 8734
9712 9010
7488 8645
1826 3832
5849 5825
4064 3970
4884 6165
8102 5204
4496 4446
4721 4865
332 6261
9156 6093
5340 4469
2644 6614
6608 9239
6989 1421
6453 6663
9426 591
5007 4075
6092 9451
9593 139
568 2559
4343 9463
619 5577
7875 6908
1776 3983
5415 4533
1360 2013
6242 8959
2765 4574
1079 4803
3924 7257
5351 7661
4115 7841
7115 7172
4962 6376
7383 462
529 1327
2455 9870
8600 2059
3003 729
5234 4218
3021 3887
9135 1935
9953 6665
643 3720
6296 8361
1359 8542
1141 5029
2467 5358
1484 459
3228 8749
7252 8357
5893 9817
2282 7189
3407 4817
8423 32
9562 6771
5138 4922
6048 7360
3221 9977
3943 8347
8337 5447
7600 3680
5589 3561
6784 1078
1730 6149
7236 8934
7104 305
7743 2614
835 6829
7906 4996
9475 5460
8176 5664
5942 2896
3410 5552
9495 4544
4787 8569
8196 3203
360 8876
4487 3989
9819 5176
3615 4217
6781 3316
9037 3179
892 6405
720 6167
6994 7677
6651 9775
1682 9939
1836 5058
6408 6505
5573 2975
7001 5691
6894 5514
238 6842
4217 6633
2635 9672
3336 8829
4662 9542
9888 305
4236 8394
7172 4838
6450 3957
4340 1257
5035 4646
869 7971
5149 3223
7856 9687
4901 9365
93 2180
8949 9563
3984 6656
5625 635
4464 4538
5730 2162
8747 2772
1131 6912
6887 574
9362 2838
5376 2699
8563 9860
4031 5301
7512 4240
8312 3393
6525 7332
984 4041
5602 6225
9297 4689
2839 5826
1371 5181
5525 5488
639 8588
9333 2991
9531 204
7298 5109
552 2131
8735 1405
455 8855
2720 3142
8869 5747
4196 2635
3922 1026
3073 8518
8788 2455
8142 13
783 8482
5298 8591
7883 4534
901 2765
8417 2596
2808 9591
7809 8021
3217 4906
9554 9065
178 9153
2214 6780
5687 244
4076 9999
5963 4055
6532 281
2570 8585
6315 8882
7969 7994
3961 2015
2966 7237
6954 2270
9741 6477
6520 8036
7777 1971
7691 4590
199 945
6939 1876
3569 9641
8566 5491
2997 744
134 781
770 236
7944 4378
717 5695
9636 6175
1421 8573
1212 3182
3299 1520
6885 9744
9945 2810
5847 1124
2063 4556
4457 5798
280 3065
5656 3770
2799 3139
6055 5669
3914 1898
7326 237
782 695
6336 2649
3188 5523
3190 4183
6863 1882
7834 1204
5019 7724
5986 3312
5245 7600
3814 1895
331 4541
471 8599
8334 8609
8667 7287
1310 8762
733 7795
3312 9632
7621 1869
1596 2350
4495 9050
3200 8692
2262 3076
3690 8582
4819 4389
7120 8953
1578 2592
7043 4040
6350 3055
6175 6255
12 1307
7946 7372
3416 5527
7629 5406
4568 6204
3764 7028
386 1882
2732 9279
5778 2708
705 1644
6468 749
1163 1622
1694 1181
5595 957
1811 5288
7675 9585
1829 4789
4508 5425
2314 1663
8933 9498
2648 4301
2191 2711
1847 2950
9795 8454
2822 1674
1467 4768
9390 7707
1740 5057
772 221
3235 1424
8165 9372
8624 7132
3926 9958
3016 124
1045 2579
6699 8135
1270 2920
4604 339
3032 4264
212 2549
9264 4475
2555 9709
3280 4937
7354 1960
5224 9349
5402 2941
3157 7425
9016 400
9341 8816
4922 8923
4088 6887
7659 963
4767 695
9993 1965
128 2598
5279 2994
8842 4369
7597 7426
8002 5384
1912 4357
8229 7981
6831 1705
8837 2939
130 9217
133 2359
8953 6223
8760 651
4989 3471
2867 5577
4835 8876
3061 9120
1626 1087
3502 5588
3871 7438
8271 3971
7740 8916
9446 6731
3962 2144
105 2944
5768 7443
1960 4547
5286 2260
227 9848
5846 405
6349 7303
7645 4857
4733 9710
927 1854
3883 5432
4600 4727
11 4900
5640 6202
7181 7399
3335 4162
6035 1590
8361 2976
9105 4047
8712 1494
4873 1964
8282 3612
4952 9963
9088 9049
7179 1594
3142 4254
9232 1658
3593 6115
9718 8183
6511 7138
7282 4087
3739 6769
5841 9732
8602 7530
9539 906
1146 9818
7073 8581
4886 5067
196 5100
7709 6279
1227 6519
5800 4300
294 709
7443 1492
3987 5017
325 6605
1780 4238
1999 9843
2998 1806
6586 1152
8751 5246
5736 6171
749 9542
3722 8887
7821 7471
1592 7551
1275 6956
4098 8909
5973 7364
9372 3147
3253 5910
4945 4326
4084 2870
802 7055
1546 3583
3204 2652
7608 4088
3449 9996
9377 6376
2382 4911
3770 6158
9651 1942
5945 5998
7855 9791
4994 4091
9876 3929
2150 3506
9291 9063
9980 1100
9073 4217
7676 8365
2777 3607
7510 9093
7149 3028
9542 5975
3476 3853
729 5690
9268 8956
6257 1107
9431 7694
9113 4013
1396 120
1906 9282
8186 5056
3846 4063
469 5956
6995 4434
1084 8347
1823 4947
9250 6101
5900 1703
2043 8540
2600 9387
6678 8800
3393 4692
7569 6416
7251 4531
3754 5133
5514 2553
1899 129
3667 9345
3260 7656
6648 4198
2967 2764
7700 8274
3584 4105
2535 2270
7818 2796
3955 7465
2836 2447
2627 3488
5533 3929
1586 4822
8807 3998
7993 7662
3742 8756
8594 3003
5851 4979
3808 4473
8370 664
7113 1598
5665 1682
1844 1171
7506 4364
9752 2489
4204 7958
6754 2091
6124 657
8190 8598
6289 1718
6334 9480
3740 7164
7376 6074
2584 8258
8467 8871
3910 6150
7625 1211
4436 4043
2738 4360
9526 3473
2683 8011
171 7782
4950 7295
5980 6055
5056 7120
7539 825
9397 1543
4100 3185
6731 5370
4914 3643
686 2708
2926 3504
5011 5320
8114 6235
10 1775
8426 5836
3698 4520
2001 2756
9534 7179
6960 5172
6441 6807
8666 3431
3438 5955
5672 3534
90 2282
38 5441
9128 7375
2050 7996
5539 4086
6072 7035
1078 6417
6005 5833
943 67
3391 9225
1152 816
347 9141
4034 2114
566 9697
9660 7754
7711 459
3745 5329
1488 769
1318 9298
4011 8362
4366 1357
1409 5928
2039 8211
1977 862
9616 6192
1926 3687
1005 4210
4512 6581
6561 9455
6764 1720
1206 3771
241 8794
681 3069
9119 9638
6595 199
7461 3491
285 6162
1719 6132
6509 1365
2548 7782
3945 3373
5054 8370
5667 5804
2341 792
4934 731
6154 6750
1739 586
4699 5462
5982 8240
6398 4695
792 9053
4454 772
4042 8671
1098 2777
700 8347
391 8790
9568 7085
3296 488
4550 3965
7238 5642
7520 8733
6479 5638
4696 6253
889 7213
9459 176
8648 2115
4240 1935
8838 9557
5278 7177
3078 4851
4118 9424
1234 2648
5204 989
1229 3059
1495 610
9561 7695
6926 3596
3575 8529
2414 6204
2992 7323
508 5551
6783 8670
7346 450
3734 5672
1411 6524
7286 2250
631 5754
1052 4342
5157 6798
4925 9207
4686 2726
9116 4464
3298 3370
6969 9272
6809 9394
8315 6676
3816 9754
4771 2628
8012 8048
804 1551
2582 2730
8061 3774
1690 817
36 5658
5081 1467
7034 7477
3576 3831
3605 5374
2205 701
8889 1134
8253 7103
9867 1867
371 6178
3946 9839
2971 554
1236 8408
3068 3299
4570 6695
5651 2663
5427 2513
218 705
1004 5677
6382 3767
5749 2510
8290 9593
7626 3404
7950 3582
2118 7448
5379 2049
5873 1405
3214 8393
3241 5363
4253 4227
3810 1175
5421 8978
6920 128
2614 5395
6038 9714
8443 5985
2195 655
3951 3650
3809 5948
7191 2246
5678 2740
4316 3592
8488 3068
6921 5214
3673 8663
8868 155
7590 7580
3095 521
2066 8780
9862 1805
6755 3101
139 8673
1648 2702
6701 7777
2882 6553
405 2954
1490 1945
5610 5933
9081 1632
7300 6228
4519 9197
6347 3183
5836 6677
5322 9760
4069 9935
4631 9731
7007 1105
9314 3084
6052 5609
3127 3387
5409 6416
338 4402
7367 2284
6402 1070
9415 420
7074 6266
937 5694
7296 7736
9197 8451
3132 8725
1726 8597
7114 5498
4514 5936
9474 5515
751 960
2509 4140
7917 5202
1792 1976
7541 5961
2394 3818
525 4546
6718 2590
5153 4254
5976 6707
8089 3391
9146 3773
6352 9747
2531 4002
4764 1656
1957 9208
8235 3020
8264 9505
2125 8703
9914 5074
9201 7216
3301 6159
3116 5703
4079 1611
1981 7882
142 8155
9267 9894
7097 6499
2652 9645
3065 6684
1757 7198
822 217
1540 3908
6026 8046
2768 3906
6269 3651
5569 8905
6670 8895
5143 5248
9537 1844
1533 1210
3195 1723
5073 2385
6443 6224
6901 1624
3685 3125
4511 4570
7382 6325
1186 9221
9013 4420
9157 5741
2077 5653
8415 1154
3565 1816
5189 8092
1022 2751
539 9212
6501 9783
8816 9794
2044 4398
2283 992
1459 3207
1147 1850
8429 1877
9546 1975
8746 2400
3768 9983
210 6148
1945 863
8643 4791
9337 1165
2106 4290
8052 443
7579 5432
4523 5272
8456 535
4644 7961
6322 700
8466 7255
5875 4576
3150 2743
7406 4631
2504 2826
8136 8846
4758 7058
7328 9261
9025 6635
8340 7455
7930 8448
8950 4208
9287 9266
6010 6988
5252 7738
744 5079
3304 7156
5546 8245
5509 832
7019 320
6649 5409
3011 2322
973 8033
5464 2183
2354 7780
1142 2964
6698 7628
1285 198
8527 5647
3275 6241
8255 2883
3406 5199
7900 9153
2031 7560
8159 3817
4364 105
6074 5548
6006 1582
2408 2660
685 452
5381 9003
7665 5278
7154 2856
5662 8160
9816 2812
6868 7299
7339 8027
3247 8993
8679 7259
3856 7910
4417 7108
4894 2886
6694 185
3448 9621
7961 8377
6397 3313
9118 7467
6427 4534
3488 8355
9662 4056
1426 3878
1659 6330
9163 6086
6999 5787
8559 9986
1303 3289
6836 174
5377 3070
3306 7847
541 8757
8992 6108
682 790
2209 3236
153 1222
9345 4533
5345 672
6102 1200
8083 7746
9329 972
2081 1701
5739 6521
9149 3567
276 3104
8170 217
2419 7807
7032 6498
9275 1202
8368 2805
7311 2233
3055 7506
5633 422
9055 7141
9041 9096
3441 8290
9398 3887
8230 2320
8906 7994
5045 4970
5442 9090
251 5051
9082 8327
9045 1749
247 5193
7065 7744
7380 1507
3086 3561
5105 7979
2131 8515
8848 1945
8041 8553
4277 8016
2561 4358
3668 3721
8049 1788
946 2839
1254 7678
5582 5711
9614 2355
3794 2691
7687 6146
3175 6531
5905 5673
2800 4405
7574 9592
1695 6070
8969 3682
461 9213
3419 751
5117 7781
4074 1097
5684 6408
8380 738
4189 5089
1271 9372
7092 7437
1144 7245
6241 2543
8242 2288
9233 8923
9094 2263
7764 4854
7193 4442
228 296
7966 8533
787 4729
3220 2840
4445 9000
9746 209
8048 136
8984 5606
9902 8416
1044 9830
32 6277
6902 9401
6021 4879
2789 8741
2045 3500
3596 4043
2334 5453
9418 6237
9231 4883
3771 8926
5670 9499
9745 9749
8498 6725
3994 9589
4899 4114
948 7314
3536 9165
4531 3019
2353 7077
3334 5548
5119 3069
4975 1772
8528 1861
6065 4997
9236 1996
6656 4327
3013 814
4398 4287
6290 1359
1128 9365
6666 819
1879 277
4626 2639
2489 1945
3860 2290
4099 7576
6056 4243
8530 4443
8548 722
7185 5378
5537 2551
8821 3750
4013 9065
187 9268
173 564
6664 6110
4386 525
6027 9800
5763 45
3399 7849
6421 4933
3990 8687
9767 9934
7960 1896
3837 2457
3728 4688
4752 3982
3628 5504
7303 4577
8719 4180
9885 1512
3898 4837
1731 7356
3447 2496
463 5496
819 8395
517 4520
1316 8435
8613 9656
8917 8818
6466 4866
4720 7904
2829 7383
1278 5118
1862 3339
3170 3765
6309 798
9673 4384
2885 2494
5506 6940
9970 2378
6456 1195
1333 7433
6881 3568
7657 9986
8286 6944
1609 5631
3654 8872
7089 2801
8157 5475
4838 2437
8184 2219
5845 8002
4271 6267
3482 1878
8672 3206
3989 902
3716 5740
9363 4841
3682 3601
8442 560
1833 8158
9827 4777
5916 2087
6554 2097
550 6504
3547 1724
7938 3491
6031 4045
7222 8521
1503 6877
965 2100
7139 5435
651 9691
8435 2469
4239 9514
5888 416
3944 6214
6515 3818
4461 599
6042 6402
8042 3709
8505 4898
4463 2879
7438 1869
2349 5652
9364 3984
5923 5
6268 1979
2078 9828
6869 5087
4137 8554
1650 9231
687 9385
9979 896
6788 7928
9102 3074
6422 2241
5479 1963
554 2157
778 3135
4018 8652
7544 581
8202 2906
1569 5857
4266 2422
2288 7114
2260 3131
8212 6251
9874 2893
933 227
5257 599
875 8180
1736 5991
3255 8697
5955 1090
8649 1478
6020 6489
9502 3685
5881 1405
5367 2027
7630 6356
2306 1980
3239 9890
2033 8999
7692 21
3383 5372
3783 8948
7205 2927
6413 5608
4494 1173
2307 6785
2113 8488
5674 7322
4053 8
4433 2212
6395 6943
561 1628
1276 5551
5987 6807
3090 4529
3572 9601
3332 426
269 5421
8446 6354
5679 1778
5615 9186
7609 5094
504 1063
4178 2571
8113 574
9346 8346
5545 5831
1937 5417
4977 6516
9528 3771
5020 6592
7873 4151
4157 7169
4766 1063
8305 3807
2950 6156
8905 5788
667 55
8014 8225
9059 1336
9516 5806
6310 7330
8153 9897
4112 1149
8152 9333
4957 1429
8055 5540
4820 642
1476 4239
5439 3460
7287 6476
4769 9
3358 8417
2831 3782
4929 445
5276 2055
1269 7056
2402 4411
2446 1494
5062 9704
6451 1752
9492 7912
1041 1849
7653 9534
5359 3587
1374 3960
2874 5278
803 8135
1807 6388
8619 8696
7902 9680
390 2655
2986 2087
5969 9722
4141 4723
5528 2131
4472 6629
4921 3720
194 5740
8766 1420
4748 3135
2850 4720
4970 4801
399 4724
2539 4243
9592 3601
2970 3575
900 687
9887 8211
2208 3309
2269 2428
5880 6758
3450 1348
2299 5212
7056 765
3395 2088
3408 4233
6776 2892
8345 3654
9740 9043
1949 3234
8812 4711
9131 3824
9024 7933
4781 2544
1462 5580
5490 8269
3371 8330
2612 631
9111 399
8599 4571
1376 807
4779 9719
1848 6387
9432 7307
4815 6675
1125 1408
2232 407
944 8271
6790 208
2356 2161
6888 9083
4443 2407
9344 2313
610 7928
8471 5896
7087 5955
9587 8303
5018 2467
8894 7602
5998 950
5579 5715
9901 6790
4529 683
2236 4835
8700 9440
8661 4263
5502 7401
6101 4122
5109 5667
8913 7113
1993 6801
4288 7029
5859 2399
7009 3785
8827 9087
6204 2964
3273 4597
4138 3070
8273 7181
6537 3512
235 8118
2407 9372
8470 8298
1982 8496
5005 9038
5637 3658
346 5789
4369 1050
6077 7207
4231 6131
4499 9392
9763 3228
8300 3392
4893 5492
1744 9701
9900 1004
6540 2606
1964 8458
2638 8951
3802 9220
1232 5710
2931 9427
4372 347
2670 8606
169 7580
2860 4691
5118 7853
2667 7971
9846 6123
4837 5327
7058 9605
2532 6340
3688 4243
9465 7450
1099 6449
4981 3823
9430 573
4684 5959
3505 8367
395 246
436 9012
620 3634
9944 5210
3091 4258
7789 1619
4753 88
6226 2596
5557 2407
6171 8316
8899 4603
3542 7192
7849 9703
1314 612
7639 5988
3563 1872
4897 4652
2894 3631
282 517
3418 4968
1998 7105
420 467
728 6019
1268 9736
8955 2347
9572 2231
4759 5604
7464 729
2070 2157
9960 9937
6759 994
4261 7028
7668 4249
8653 6446
4248 7833
4150 1701
5445 4431
73 3280
4905 2180
4868 1592
5858 7623
2371 5069
511 3152
1931 9525
4799 6220
4940 7221
8121 5273
5568 2989
7031 6644
7122 6970
8518 9135
6284 4972
4227 9541
987 3918
5515 5309
883 4325
2252 6013
498 5159
3620 3698
61 4660
4392 6708
2193 7558
5209 756
5414 5912
5238 521
5111 6686
2996 5367
5006 7868
5256 7369
2481 5603
4576 8547
2554 7699
8127 1390
1868 8554
8780 9022
3746 1258
6256 1376
630 4059
7020 4957
941 2715
4339 2822
2153 6181
3806 1761
2565 8963
2964 691
5611 1465
9391 9576
5694 8291
8438 4582
9869 7245
2161 8067
1019 5900
8736 410
2870 9548
5477 626
9104 7430
4426 8791
8670 4292
5673 3358
6498 3645
1391 5410
6943 1398
2762 798
1453 5115
5728 7711
6192 1520
18 9732
6009 124
1787 3500
9220 832
4634 7294
9630 7702
3051 2281
8988 1745
7984 9376
5520 5612
5380 3656
1437 7676
1635 9232
451 6503
6720 5100
5082 7630
306 8171
2834 8428
6524 6472
4681 1389
9728 2471
2468 6193
3969 3480
1667 8930
2295 5344
1631 8747
7568 3527
377 6586
4621 6943
5124 1120
244 6862
6934 6593
6534 6415
379 7249
2479 6546
5355 8086
562 7658
9625 4476
8022 1563
7557 7525
2790 2682
593 4957
8741 8915
9322 7349
6420 3329
2757 6995
8640 1993
106 9998
7926 6284
2151 8580
5696 8882
8047 9287
673 6152
7102 6750
8333 9782
8221 553
3365 3277
8051 1615
5277 8126
3756 1776
5793 5089
4275 8990
316 511
9348 1294
2943 7834
5030 2681
5392 4019
5831 131
9632 9015
1080 3575
4669 9130
2002 5628
1154 2466
3895 4653
7872 5645
8031 8051
9498 32
5686 7736
947 4204
4587 3084
5927 4893
5212 6110
1322 5899
7143 7945
2164 1800
5487 8873
8929 4801
1975 8509
4320 9146
4256 1201
7413 2544
1700 4323
9482 923
1282 7676
4249 5935
114 4972
8730 6561
880 3661
1591 6805
9188 4505
9408 4229
9256 5813
9564 7344
4938 8452
1478 9805
3352 9312
2689 8504
8707 6220
2244 1034
397 2678
5984 4831
8358 1120
5220 4738
6084 6578
6335 1336
113 3722
5232 9131
2599 1914
5306 8376
5152 414
3422 8479
6380 5137
422 540
5920 5028
7696 3564
1174 4601
7671 5926
7670 9167
4683 2673
183 9070
4486 2964
1302 9298
6463 402
220 2645
6045 3279
9837 2082
9318 9057
8463 9788
1217 8068
9032 9736
1675 7888
4440 9727
9079 4564
5267 3163
6717 8369
6448 4097
4675 693
6991 2586
9028 2541
7355 299
3515 466
4895 1732
4211 1123
3162 2693
8684 3508
3811 810
7314 3801
5868 1825
5285 9097
2511 7260
7663 4165
4235 9636
4517 4341
4515 8771
7584 8439
7304 156
5395 5771
1355 1986
5408 1195
6558 8013
6870 8528
2862 2540
2132 852
4113 2261
8803 642
9661 7845
6513 694
2767 3936
9151 760
959 4748
8577 765
9908 3146
8762 3481
3760 3304
9274 3873
1008 5302
6721 6081
7503 3553
8947 4186
534 711
5181 9396
767 4459
6140 9154
8796 2635
2934 1210
5808 3971
3582 964
5612 3761
4073 2361
4421 8994
5295 5364
8706 5423
5198 8854
5452 8561
1556 8399
8537 5552
7192 9205
5937 6008
9584 3835
1243 2836
721 5791
485 1845
404 1924
9648 2344
3851 458
6602 3505
2424 6485
1574 8918
8817 262
548 302
3485 1939
9693 4336
1050 6372
2883 4130
3564 4815
7531 1648
3109 8660
1292 9919
881 6371
5230 9760
2428 6308
3145 7438
9493 3517
8604 1899
2116 7638
967 9907
6153 948
2628 2285
2473 4321
9278 2587
5620 487
6341 5713
2848 5774
55 9392
8452 4914
7956 2975
9263 7633
1251 5067
2616 3103
6763 7301
1704 876
9034 5781
8320 7833
9305 6603
5744 8566
4133 6089
259 2684
7580 9359
5047 6599
1958 2337
9670 1132
5499 3508
9315 1181
3474 5150
1389 9194
190 9684
5225 6347
209 4013
4195 5791
2083 6403
3206 4254
2921 138
5761 4808
4254 2374
3192 9949
4727 5337
8362 7403
9335 9740
2217 8656
9576 9936
7578 3313
6730 6554
3996 9107
5268 6910
7392 7696
5890 3758
4193 4159
4281 3128
4629 5151
2879 3018
2036 6833
6837 7987
5091 1825
560 6575
3514 7772
8325 7065
1810 8423
2750 6880
3313 1278
928 9974
5385 6729
2634 1296
1571 3905
3292 2443
8689 8202
1801 6749
4935 6844
1203 4090
1047 6482
7199 7410
570 264
3517 935
2363 2881
6214 3870
206 4546
1471 8987
9373 3063
6518 5431
6312 9402
7701 7913
2910 694
7867 7150
411 965
5682 3944
5202 7903
5685 8228
3812 4360
2472 97
9942 3251
7840 1089
1246 592
877 6354
9144 1721
8017 1316
9781 8333
6913 6046
5925 5322
4318 2538
497 6197
177 6195
7857 1974
4900 9403
7884 4337
389 335
231 6254
2748 6725
8247 3623
9189 2090
1196 3861
7010 3930
8615 1385
1397 2927
8942 9213
6841 2849
8407 9606
7080 1227
5314 7886
213 6987
6979 9301
7447 1024
9938 3439
8987 8094
8871 832
9295 7137
3093 8853
4741 1723
7210 4469
1388 2747
2510 1121
2814 7079
5134 7080
9968 5357
5723 9726
3017 427
305 2205
660 617
2861 676
7329 6103
4821 8081
1880 915
3495 8846
7315 1268
8101 6593
2700 749
5630 1083
6762 606
1725 3269
693 9656
77 9665
6190 7376
5919 234
2816 4546
7444 5814
7878 8882
7707 3634
1714 1676
8678 7180
9 4151
7538 9456
3784 7247
5957 646
1997 3400
3930 5872
5102 5349
8570 3494
5457 3800
5356 9441
1214 6575
7718 856
537 1529
917 8947
9439 6196
7607 8963
1032 945
27 3544
9452 311
5944 7395
3570 6284
5754 239
4773 8102
1417 3557
9133 821
432 1388
2501 4519
4605 1860
3305 3259
2165 2286
7601 4223
3187 8844
5303 2112
2290 4100
9669 6280
1118 8252
7731 5070
2499 28
2107 6269
3917 9284
2474 7806
935 7831
5929 9782
652 8107
5843 1124
7018 8240
456 2386
3339 5983
5435 3363
147 1202
1637 587
5046 6833
979 7314
1427 4564
5799 2489
3609 7956
8784 2446
8994 9117
8439 198
8612 7993
4559 3199
8065 477
9856 1001
108 6162
5513 2942
4924 4310
8299 7257
1854 1640
2332 1714
6183 1233
1593 400
9469 9050
5597 3548
8909 6365
9627 4978
7945 4824
5052 1200
9807 9592
9686 80
5591 3185
1508 237
5272 3281
7196 6621
791 4347
9878 2846
8904 6941
8303 2796
6383 1389
3401 1105
1419 3883
5636 2064
1687 2609
8010 8864
1550 6146
8989 3747
1184 9195
1201 1232
6820 9024
2215 9746
3509 5557
6486 6941
8511 5402
2605 3364
337 4308
7159 7686
4583 6029
5504 5138
1969 2469
3521 6568
6454 2225
9182 2263
7061 1851
9731 3227
3205 9695
1616 9113
3018 756
9110 258
833 1468
1087 1182
6457 9017
5491 9955
3124 1221
7278 3542
9633 938
3176 4461
8986 4427
8920 8108
2710 3183
6433 5256
7397 6702
1990 8552
621 4174
6937 7130
807 8703
3326 8933
7216 4083
8199 8892
9783 7231
648 607
8634 9445
9307 8321
4322 6323
5508 6026
8441 5124
8628 5682
3928 7475
3638 3957
3331 8252
2145 894
3905 172
1579 344
6259 2608
6725 928
691 1150
6078 9805
9586 8462
467 9347
8326 7921
5410 7877
6716 4902
7746 341
6930 1841
6161 4686
6327 2900
1003 2320
6372 2449
8309 4126
6603 7512
4315 2798
9643 2393
6263 2454
7649 370
7965 7328
9775 1108
6245 7770
6366 9521
4223 9515
8336 1870
5216 5182
5786 5578
1104 2962
3329 9310
2445 9444
6142 7464
2795 4822
1534 6077
1733 5941
8574 5909
1188 9344
2936 6885
3494 9573
3131 1437
5921 2548
8819 3487
6355 355
2461 1976
5014 3320
2937 1401
9302 8673
6301 7673
954 9644
356 5989
8705 8047
683 2421
1599 9405
1677 8922
3608 7658
1238 9387
1651 9874
2010 1395
7842 3788
3215 9896
7140 7631
7042 1934
9003 7720
695 736
8192 2423
8572 7482
3621 4278
7565 899
8798 8515
5108 7889
2875 8057
7108 7203
8331 7006
5833 8303
1570 6782
4438 7434
4556 4581
3957 6118
4294 6760
3492 7912
9701 5320
2791 3358
1245 5089
30 5357
2580 9250
950 3723
9374 6217
3222 1356
2583 3611
3046 9209
3693 9612
2751 7552
6108 7607
7247 9573
1608 2580
5979 5644
2684 481
2946 8091
5156 6109
5417 4821
6588 824
2991 7687
3897 5041
4071 9501
2259 6521
2211 3341
7830 5575
6853 8749
9453 7981
2680 3405
3595 2781
2611 1891
3709 5867
9552 1881
1617 5969
1054 2401
2704 5730
9574 3545
3225 1600
6982 1596
7407 7863
7473 5714
9190 3243
8353 5007
4597 4782
361 3613
58 9221
3373 5699
4591 9896
4029 1712
4706 2346
4912 6984
4528 4036
4359 9578
6596 7193
7137 2326
5446 3718
3470 2453
2297 4247
7530 8087
8839 1982
656 8982
6489 7698
4643 777
7521 9269
8627 443
4883 3444
2551 4989
929 2578
9471 3394
1802 1850
735 2696
5012 553
9973 3852
9703 3575
4658 1404
4624 9292
7279 3990
810 9058
3604 7653
1307 7450
1265 9846
4544 8419
5866 8701
3487 3060
4708 5494
2948 8301
9209 580
1028 869
6461 3492
5334 3521
8401 3159
8 8493
7 2289
9687 132
2322 673
4049 8125
2687 1671
9658 4310
6691 7535
2541 6825
3861 1018
5244 4710
2127 8451
3948 2317
2898 9693
1834 4500
7421 3267
4677 4453
9596 3021
4432 1383
5283 8021
4354 685
3143 8139
6353 5286
532 8716
8087 2711
3173 6395
1955 172
1007 3598
2490 1718
3262 2006
98 5324
7379 9641
5772 280
9304 5885
8857 3605
6011 4837
5796 2815
7739 9595
1444 554
149 1174
7217 3347
1253 7733
4537 6917
7099 8378
1627 5244
6533 5934
3975 1073
6495 3534
2953 6301
7513 2450
2087 9106
1491 8226
9299 9433
6497 9541
2818 8701
6125 5902
1888 5416
2737 1226
3772 8858
4582 6789
4258 9278
2696 4247
9179 7390
8713 984
6700 5234
1686 8310
6138 2449
2142 2703
4096 5102
6998 4303
56 1480
3554 1904
704 4618
3724 7014
490 8849
7066 4765
5734 8985
4125 2300
8023 5283
6207 5570
2743 1191
4146 1229
162 8220
2678 3374
2742 1677
6741 3285
951 1865
6632 6531
897 855
4802 7174
1595 1172
9967 7390
3857 9600
6637 4325
9780 7673
581 4113
8139 5805
4991 7686
9168 8001
8611 6282
9638 7308
2213 7177
8251 4334
8683 5507
1613 8684
7502 3928
3532 3453
2987 3997
8217 968
3012 5397
7309 8215
5394 8111
5432 5339
7349 9188
1564 8692
9976 3557
5187 9818
7377 3827
1919 3261
1863 1014
7290 1374
1746 1787
96 3588
2272 2566
1922 3770
7599 8326
159 4502
8755 8265
85 7629
1871 9095
9776 7849
5605 6351
5090 9829
8124 8189
6248 6593
3376 9519
4090 9044
3894 5389
4541 6858
5601 830
5482 2675
7802 4254
7361 2575
1103 1297
7091 4019
9709 2423
7957 2711
4887 1002
205 5260
8489 1916
7876 8612
9199 277
256 1081
8344 8151
6258 5031
7436 3759
4862 8414
1897 1272
5644 4076
5797 4907
583 7968
6403 5084
5191 9530
6940 4778
7598 6322
3433 852
4483 9100
9671 6437
1680 20
7835 6463
4609 9318
9645 3777
394 2469
7895 4666
1119 2761
5375 2281
9768 7222
1620 8835
8673 5786
3218 481
6063 1188
6391 8863
7729 6529
7213 2311
3047 8333
6742 3280
4341 6924
7593 2474
4911 9243
4608 2307
1948 4313
6240 384
2549 172
3963 3267
2676 3005
8503 8475
824 995
800 4778
1479 6927
7451 7570
3437 5304
1661 7525
8854 6995
5151 1833
8731 4702
1339 6800
2639 7756
5983 5627
5567 7138
758 2191
4915 7430
6044 3165
3619 4615
2951 8265
7931 86
1674 8802
9226 8334
9647 6194
5894 9674
692 9731
5422 8502
8067 2935
3804 5426
5978 12
8171 4515
526 3763
2697 9142
9369 2325
6303 9480
3252 5798
7955 4621
2543 3829
8227 6162
1898 6490
7954 1616
1074 6328
2788 257
8677 139
7485 3703
6262 9387
6929 5997
808 7954
6345 2804
3506 5054
1362 6583
4070 8039
7078 261
2851 5981
6992 9135
6492 1102
3117 7988
646 4336
1737 294
9166 2654
7273 2847
2537 1790
99 2180
3125 8405
8213 9158
2982 1902
4384 89
3956 2371
8540 4868
9707 1588
4106 1481
9535 3988
3112 7497
9255 8672
8207 7173
3559 701
5729 5203
4765 7081
6772 3641
2182 3672
6672 1256
7862 1338
9905 2799
3824 9242
7723 2003
2912 1418
8582 4339
3412 4728
7130 7794
2988 8027
4586 5850
2552 8071
8884 1441
742 7071
4707 9960
6832 1291
5027 7796
3180 4837
578 676
4554 5740
2372 8082
1781 3893
9355 9175
6821 4584
7148 9453
677 4434
2114 3629
9656 7444
2103 9127
533 1338
8166 3516
2774 3689
9481 8632
2048 2539
8552 9070
9485 202
8765 3013
2413 2713
3233 2124
9099 1124
7705 5561
362 8903
546 6965
989 7058
506 9270
2329 4794
2558 4905
1363 3076
1220 9883
146 6468
527 4698
203 2131
8209 807
4848 2896
4996 8314
9883 7641
1538 8476
4117 9814
83 3830
3066 6862
9187 4520
7545 1614
4880 2308
5801 1336
3207 4347
5339 4791
5078 3782
2128 2592
426 6713
9978 1025
3356 7327
8128 8289
4456 5228
8710 9682
2401 2948
217 4267
8350 3379
7209 6469
888 2901
523 31
9943 9834
1794 4988
4169 9272
7116 428
4801 9549
9922 7714
3427 5321
6945 4834
4695 7261
5924 6834
5472 6078
868 9840
3543 458
4630 8141
6987 9687
7424 5262
5655 1326
1021 6345
2188 4792
6931 4794
1228 7781
8262 9345
5571 5340
5560 5635
5585 7555
3486 7091
7132 3925
9913 7364
1139 5247
2631 5967
4252 9322
25 7554
3456 7550
3282 449
3992 3511
6273 5784
9822 425
1324 8649
4869 8236
8260 9539
5066 4009
9559 6999
6538 9732
5068 9618
9491 2938
8774 7933
8573 2876
5142 5945
8025 3865
5711 1761
2460 2487
2415 8508
5690 1416
2722 9137
4979 2480
8008 9566
6840 6047
6941 6108
7811 8855
3081 2278
9615 516
2242 8653
8564 7375
4273 9220
3622 4576
7254 9978
9328 5944
6612 4415
8182 1065
1496 9349
6769 505
1830 6953
4762 8812
9606 1835
3534 1329
8956 3625
9061 264
7263 8418
1219 9767
6891 1106
4403 1627
6028 8746
3333 7713
3245 9842
9405 2074
7725 2467
1576 4815
8501 4627
7527 2703
9429 5942
286 2182
4301 3544
8772 3370
366 5981
9257 2698
6629 8964
2806 1890
1795 8500
6733 8511
907 8480
5968 7340
9868 644
7748 6077
7728 6433
8138 2319
3056 5330
3461 6838
7046 4856
4473 8498
6968 8580
2409 8497
3103 1182
914 923
9091 3254
3639 1660
4218 7517
8664 5828
8001 1995
4878 2612
7929 6968
7070 7424
9579 6866
8178 1679
5289 6807
1440 6431
6213 3753
2506 7831
5337 3442
372 7133
9109 9966
5436 9320
2317 1259
7820 613
8768 6273
1312 9011
1400 9093
3346 4150
9351 2824
9186 7756
3307 1612
9419 7916
9121 6118
8997 8167
8526 4857
7635 6210
3884 324
4002 3420
2688 1375
119 9152
5700 3690
5948 2714
1263 589
3219 8318
1575 7274
2411 4199
2735 9004
2102 3891
2920 2970
6215 9410
836 4123
3483 3823
7586 2395
1137 3654
4818 6920
4530 8858
8062 2639
5826 3030
8150 2670
6166 3571
3465 6874
4283 9174
4777 6934
7646 8239
5179 991
5206 7378
1896 6414
4290 4910
2062 1290
2703 8008
483 5309
7100 5338
5906 153
5486 2098
6662 5846
2895 5784
2443 3567
2587 8109
5388 1170
8304 2267
2869 5519
9499 492
9009 7324
7939 2085
1543 7197
1337 6106
1607 936
4493 9218
9420 9628
7071 2578
8659 1301
6914 1881
6086 6669
110 6987
7253 5252
6467 216
9393 1057
5320 4436
26 7445
4066 141
6196 2597
9154 4482
5453 1150
7163 9415
6361 9360
4330 9146
513 2117
9589 5947
7107 3201
7319 4225
6647 4540
9842 5111
9084 27
378 5265
5092 6701
4891 7673
4539 5490
7745 7287
5217 695
2728 5704
4580 1393
8841 6011
3529 8560
1134 2771
7759 8236
7650 1328
7951 4989
9488 479
605 6402
1183 8123
4822 796
2993 5553
7800 8110
6041 2279
6642 4737
7327 9158
584 1584
9863 2562
5273 1213
3120 8814
3238 585
6167 3900
2319 8709
1092 5415
7654 8684
9739 1168
2758 8584
9086 5900
768 5822
9706 1628
6080 5450
480 5691
6472 8927
7897 4221
8254 6702
7528 8140
2863 5671
6019 7620
9490 7254
4963 6373
4651 1214
4325 4292
358 3790
2405 6627
8490 697
3491 6560
6816 649
4969 3631
7324 3253
10000 4681
1893 5080
6690 5112
1296 2187
7198 3237
7457 7718
2557 8589
926 6442
9210 9057
872 5602
8006 3667
5208 6921
9066 2906
604 4724
5878 6870
5822 1618
912 38
2464 2481
2665 2846
3263 8591
9749 6780
4939 8274
3023 8837
421 1232
1114 2168
355 5713
6710 9801
9242 4805
4446 1539
2136 1425
4353 7550
6557 1204
204 7388
8750 4831
72 3662
8655 866
1180 8083
5165 4770
4233 3773
5413 3495
2952 4516
7068 8346
536 2531
6736 718
4452 1345
4376 8872
9506 894
1306 563
3388 446
6081 9729
7721 382
6550 6670
1952 5736
4574 4175
9747 4710
5050 9798
4489 4292
2007 3592
1799 7527
2482 4417
7134 3948
8968 9156
6547 4286
4200 9449
5726 9523
9833 8677
1157 4309
3050 3447
2294 3097
7110 1089
7490 7154
9612 7590
986 7380
9984 8303
9696 7134
762 8748
6974 1489
3498 6544
7881 2130
5096 8065
7360 7029
3592 338
1555 9116
8408 1837
9252 371
9057 1466
8850 8255
8814 8636
6585 9266
4691 9600
8486 9764
4191 9514
851 1205
6320 7510
3404 559
8945 8693
765 3984
2785 9539
5072 4882
5646 4672
599 7886
5458 8824
7511 3511
3026 8304
7533 289
304 5598
3972 4843
5173 1304
5779 5587
2581 877
4408 2203
8725 9266
2327 20
1547 659
9649 264
9174 9898
6049 5019
4238 9673
1384 6376
5033 9878
2508 9124
8132 3184
3920 6272
2047 8372
1989 3521
6003 8311
1764 1066
6916 7639
5960 3469
7050 6220
1825 8659
8541 4752
5608 4423
7241 7575
3179 2585
3359 3123
4614 6427
5037 6440
8581 4042
9911 6927
8808 6299
6200 9111
8782 5174
9677 685
1365 5199
5572 2010
9173 1756
1978 387
7536 1042
1869 6021
8493 2716
7038 1569
501 1545
2925 2848
8357 8684
6555 3097
3949 2639
7596 342
8193 7295
1127 9764
7293 5033
8214 8531
1446 250
8916 5141
2914 71
1684 3596
6412 9867
9884 2929
9434 7706
6890 9465
6791 438
2476 7555
9486 1120
6895 8860
2224 5263
2819 2430
6786 2468
1909 1364
3294 9671
6705 7029
2932 3944
388 4911
278 5849
4005 1538
2436 7901
5543 8685
7072 3139
893 8258
1304 2769
4875 1854
1734 2146
1293 3844
3390 1929
7218 2889
8058 5766
5423 9616
635 857
9123 2670
8715 4119
3606 1331
1445 1237
1976 7547
7667 7453
3717 9261
1169 4113
2348 8970
3842 3901
9754 8010
1953 9818
4163 6784
1454 4837
629 2912
1885 788
8174 7458
2968 7647
9841 6546
3110 4906
6737 4389
6131 3969
5853 3467
1106 4398
5872 2742
343 2931
4661 9387
586 3196
8694 5571
2714 6703
1925 2730
5288 1918
1325 8677
2012 8131
1331 8055
3185 1087
4351 9339
5566 9720
9067 4466
81 4314
8201 3219
7221 1002
9243 9133
1915 2802
1652 9891
8324 7825
961 9776
1545 8319
6267 5709
2772 6028
5926 127
5652 9691
6230 2283
8422 9740
7083 223
5489 3930
261 905
1156 6190
2298 3389
2228 3035
5815 2994
132 7792
1448 7269
1383 8332
9449 5318
2028 1278
4327 2477
8802 4163
6057 9257
9115 4227
3237 8270
3289 3670
496 5579
5471 5449
8169 2099
4851 9657
9087 3765
2872 4435
7514 4033
9604 5477
7320 7289
9261 5910
5028 6754
9254 3952
8550 9322
5743 3007
7405 830
7623 4429
5321 6650
4736 3523
287 5059
3653 5384
2621 9540
9076 8228
3178 4693
4816 8350
8297 4945
2378 5842
257 7469
7841 2299
7393 8492
2219 5296
6685 7576
3731 4405
1984 4578
7162 5872
9518 5078
2442 4026
2632 5496
9385 1458
7090 9780
2985 6386
8681 1780
2029 577
8831 8794
9338 6575
7919 8354
8588 2655
3309 3852
6326 9378
3612 798
7847 7412
9090 947
2513 1942
5226 6506
7801 6236
3939 498
2166 3717
2139 1736
6117 8489
7652 7289
7817 2177
9048 7949
3452 9417
7522 9267
3629 9459
5246 4738
1875 4259
5791 7821
2003 5617
165 5839
4611 4773
2053 6532
7547 3149
5818 5963
774 6527
3603 7914
9395 6744
4596 1452
2500 8814
2707 9703
2133 7136
7937 9407
8472 9023
779 5676
856 2572
4380 7772
2695 2103
7549 8416
5802 5906
9727 133
3611 2294
7742 7983
7243 5669
7726 6677
4896 6530
2357 7698
4152 5191
6487 4105
9602 8961
1513 2043
4967 3883
5431 6883
302 3233
817 7035
9640 8320
6544 618
7365 5144
8228 7838
6569 1210
9861 9857
5287 4849
7790 2402
2766 6913
8879 4149
5087 7617
9383 5902
4349 9899
468 846
4738 7171
857 6428
6793 8831
7627 16
4976 2069
9530 8790
1936 9972
5004 9841
5551 2111
5497 9913
715 7557
9799 3108
4228 7355
9797 8793
7602 8943
1778 4734
4704 4621
1463 1355
9138 433
5387 4281
2387 867
9290 1574
8535 6655
161 1604
7187 2871
240 8430
5468 2769
5725 9594
3043 7148
8287 5348
2268 9998
298 5481
5469 3635
8119 443
5770 6428
4165 1599
454 6920
4387 5809
706 7412
992 3340
9691 8724
5086 2617
969 3526
4602 8320
4660 93
3208 4865
9217 1503
4592 7683
899 4718
2859 4987
5547 9061
2486 7341
4161 6040
3041 8641
1059 2016
1660 7484
489 1385
2426 8878
3912 2165
2439 3173
5861 1812
1831 5358
2206 431
8887 8399
8382 3763
1066 4503
8232 2755
8510 109
2456 7899
1016 8423
3184 159
7394 2043
6826 4976
8040 8405
4210 7534
6583 9357
7481 3275
3766 7055
1014 1636
3469 731
2340 7306
6369 4728
5275 7534
3710 6361
8410 9521
8112 7550
6330 3230
7823 3288
1000 7618
9871 6723
9221 7795
828 2802
3198 9212
7368 1038
2941 2184
8419 5919
9812 2344
4110 6153
7322 9263
597 6814
6819 6918
780 7514
7331 2537
7868 4040
1308 469
6337 8949
3672 3781
7017 7542
5835 988
3266 3677
1093 743
4716 4598
9235 1901
7111 395
5828 606
5529 3616
6673 3032
6198 8776
8277 1790
3594 4100
5523 6735
5125 4460
1636 2594
2023 7358
6064 477
6621 7127
336 8239
5748 3422
5677 4626
6882 5058
1274 5367
9507 9674
871 3468
711 4669
6178 51
5371 9134
4972 942
4555 3263
7085 278
5025 7043
9191 7713
878 7953
8536 8430
6276 89
3579 909
1368 3080
9558 3020
8761 4523
4154 2638
3345 6486
3981 9255
7641 3170
4185 1782
7996 3729
3443 2886
1884 9140
2779 2585
3251 1495
7706 1560
1920 3871
100 4175
654 7779
3164 9268
6277 4694
6907 9794
1672 8275
5649 6676
9100 7946
224 8179
8512 9349
9909 999
5218 774
9164 3482
7427 534
9058 7279
6160 6649
4984 501
8500 3801
4326 7718
9204 9847
9444 2814
433 9803
9258 1839
9991 3711
4158 1346
5174 375
1956 2413
9524 674
5330 6410
6292 9137
2022 7964
4418 8466
2355 4557
8509 418
1124 6294
3743 3170
9672 7757
6704 7043
2533 4799
8692 8995
253 446
2613 6201
9460 8345
7391 1440
4679 479
2896 4850
2416 2158
2487 8414
5877 5081
3552 8001
6839 9999
1515 5926
6425 1187
6139 7007
5940 9439
4021 7281
91 2663
5616 3673
7560 4114
9368 8053
315 9264
699 796
4307 6294
9930 7343
6205 9863
363 5870
174 9128
2095 2352
4470 4308
516 1749
3323 8509
2673 3257
9223 8976
6332 5062
408 748
211 5723
2977 3778
6333 7131
5484 3439
3865 6175
1010 6525
2221 6818
387 2897
5856 6765
415 6339
8972 5249
5709 6376
7755 6801
1963 6848
7543 996
1501 9936
4864 8662
3862 6498
5242 5892
4840 998
5241 7567
9208 8337
7016 9635
2606 830
2892 7523
7353 5172
750 5390
7426 9750
1205 3876
5177 4493
7871 655
3822 1236
4329 4765
7765 6569
1199 1422
9870 5603
5664 1783
6328 4055
9130 7145
5309 9048
5360 1419
1450 1340
2969 5389
8348 2560
2110 8107
7128 711
6075 2379
9145 1376
3249 1896
4526 8812
2674 9547
4468 4665
6875 3769
6877 8523
1179 5547
3348 5048
7826 9120
2038 9045
4093 226
2693 608
7812 1218
6527 746
1768 3347
2178 4802
2641 6677
2647 1254
478 6481
3887 6369
3259 6534
9161 7251
2342 5712
189 3368
320 3034
1940 2208
4560 9803
396 3017
4260 5157
2942 4293
6566 7197
8845 8158
6963 7818
7289 512
8398 5121
6864 4344
3551 9192
5312 9503
4804 9615
9683 8808
8629 4326
2256 8396
5721 2355
5498 2113
3696 3402
2203 516
6950 5373
5470 678
874 9064
1173 8055
7479 1323
5061 1208
3009 1552
3530 2418
4422 944
5563 3859
713 108
1062 2383
125 4944
7610 6308
9894 9192
7979 9895
6675 6661
92 5645
2586 241
4874 169
8302 2655
6970 5724
1135 748
8276 1718
8038 9786
1431 5602
7949 1874
4562 9143
4097 9382
6298 8425
1971 1315
6802 5225
5511 4316
1386 1977
3626 8805
6066 9173
7537 8166
9594 7399
2617 6118
2727 9274
2265 2520
7261 6192
2000 9960
1255 5486
1601 7920
2454 2441
8044 5516
5126 9662
2657 9418
3659 124
7003 7892
3467 8276
6127 6895
1783 3526
7294 7556
617 4346
6871 9842
1618 4448
4224 3966
9733 134
1516 2461
4168 4462
4429 7863
5048 7835
5481 8824
4323 6195
7838 4536
9975 8422
3986 6857
2954 3695
5115 5054
9601 7453
6202 4155
2230 3533
2347 8077
2226 5898
3295 8583
5758 9024
296 6212
8294 914
5248 2840
1857 8716
1529 5411
5178 965
953 3640
1309 9277
798 3752
9698 2245
2158 5658
382 4672
8618 11
4399 678
5809 3118
3172 7188
9422 3379
7212 400
2171 5242
2699 3413
441 5165
834 6616
115 8552
9098 4950
8243 3403
4405 4021
4264 4834
2771 4376
6535 2612
8967 3595
2495 9273
7403 6946
4375 4556
7967 1736
6892 8769
567 881
2280 584
9609 1939
429 2828
1663 1033
1656 7245
4284 4109
5080 8792
8739 3845
3868 2157
8576 7961
4095 8336
9017 8629
2115 7546
9800 704
495 8050
1497 4241
1266 6072
6669 9645
4932 935
117 1980
219 7292
1402 2824
7787 3241
5448 9867
9918 1648
3997 8120
4664 7759
2729 3394
9068 2939
7474 1999
2955 4954
6880 8164
958 4324
1541 2294
6575 1576
8714 5332
7797 5605
7131 4308
7891 3899
6631 268
2781 9178
6085 8261
2365 4935
3777 9948
7452 4416
9571 7059
2749 2504
367 7960
6823 312
8553 5130
7532 3285
9759 8127
3008 8108
3320 6599
4155 6254
6785 9608
4823 4392
9212 8882
9331 5652
9634 9024
7756 6534
1126 9844
528 3973
9941 1579
95 6035
380 938
8835 5526
2701 4034
5666 4687
3092 2316
393 347
8758 2623
8752 9421
7592 3132
2374 2598
4314 3883
4770 2162
8896 8877
1525 4242
1244 3874
1715 8853
741 1210
7779 8075
796 8646
616 2527
7177 2904
7223 6231
8366 2865
8934 5772
1788 8089
2483 7006
1827 4554
7435 5812
7295 6795
1526 5292
6925 6099
9787 4165
9770 3085
8801 9628
154 9011
5785 7348
2787 9927
9282 4613
8421 3516
9308 3449
5478 7089
2452 9306
2633 2441
4179 6848
5029 4551
9880 6044
8963 2484
7231 9385
6766 9451
5010 2173
2981 7405
4999 7720
5307 8503
3904 4645
9881 7380
2889 8795
4826 9426
1036 4340
6266 9114
9929 7591
2427 3538
7814 1358
7103 2548
3147 8042
5344 5356
5158 4084
2042 9560
538 2308
5338 5689
577 4624
8639 7963
6638 6976
8257 9887
6746 8087
9583 8696
7489 179
2983 2646
2686 9038
2025 6005
8522 4547
5299 5716
4805 2509
1855 9036
6260 1428
3362 2932
8393 7679
4121 5147
509 8503
8413 9448
4370 4202
1722 1617
6713 2238
5107 9627
760 9863
226 5665
1130 5440
2335 2206
9620 3284
8245 1291
6795 3239
470 8604
7412 6999
6157 7986
5133 1883
2291 9848
7054 9311
726 6502
5270 9919
9040 6695
1115 7295
4671 5878
3031 7108
4889 5357
7693 639
4973 7887
6373 4143
3878 2036
5168 5930
7858 5005
3370 9184
1364 5106
1430 9439
775 3807
5462 1780
3548 1159
814 4909
2453 572
7332 7091
6455 1734
7127 8616
1641 2828
1392 5000
8332 3073
7833 7703
264 4546
3167 3108
2656 3897
642 5826
7734 6171
6119 4924
1678 2706
5002 3860
1378 8355
502 1675
7160 6933
3782 6349
6195 5394
921 1361
7680 6566
8386 5650
8923 3874
7465 8474
1806 3830
1649 8956
3457 1336
7151 9418
3983 698
6657 870
7815 2746
5032 3431
7495 963
145 7293
254 7171
5993 6001
2183 7395
818 2841
8086 4422
6893 1754
1798 4916
5038 2791
4484 7867
7280 5455
7416 9190
3713 296
727 7146
1561 9015
7483 2898
6091 3733
1060 7105
9108 92
2277 4986
7940 6276
1670 3141
5536 7911
5137 2170
4693 3074
8379 9424
2218 4721
2055 656
2817 3774
1056 6151
4476 7038
5022 5960
8590 9825
6510 9705
5534 7930
3687 5987
1979 1033
3875 7951
5148 4233
8404 6277
64 1732
5280 4067
8686 3951
2562 7948
2803 1084
1944 3767
3885 1939
5731 7787
7977 5523
2316 7543
9150 554
6591 5039
4015 6000
9387 6925
9523 5661
8645 8627
5112 6487
9406 6817
4202 1736
5775 6924
2196 6197
8206 6598
151 7304
8063 2283
3726 2833
8665 560
1029 1367
2046 4427
4844 6912
4936 7337
773 4504
6800 8154
1023 391
6506 6133
4007 5430
4448 812
3240 6422
9877 2065
4474 9787
4490 9167
3680 6811
6491 889
8977 3494
7550 4280
7260 3266
9142 8886
6526 1621
8409 1413
4521 7477
618 4479
6187 4761
6573 3575
3790 6096
9933 9741
4344 6119
9527 283
5485 6006
9815 9925
4356 7433
3094 8071
9401 6209
7892 3380
9514 3558
988 2390
5145 2633
7025 7920
6834 3158
8738 8660
7698 2468
1297 4766
7660 6388
3288 9374
409 9610
1883 9562
4885 8443
5475 3950
5302 4561
19 8662
5735 7747
4430 4014
4255 3068
5418 8933
7685 6699
9071 1405
4293 3878
5403 2365
5599 5347
6439 293
1239 5007
2024 4925
9613 2370
6529 8056
3212 673
3302 9353
9600 4649
9573 4727
3152 6494
3071 8578
6598 9112
8508 1482
6748 8161
3738 7613
7803 4394
3694 885
7869 1513
9392 7185
9326 1145
7507 8516
3010 177
4105 5296
2231 7397
7546 4182
3876 2004
8843 1746
575 2143
6212 5154
6282 8737
5977 8355
186 6168
5695 7364
3826 6663
7171 2174
2615 1001
4856 6695
8791 8861
9273 3966
323 9688
2624 2197
475 594
6023 784
4455 491
913 5172
3909 4651
3858 2304
2698 8493
2276 4374
8314 9150
6618 5155
4789 2092
9598 9107
1932 3222
2864 6892
2603 3316
3303 2701
4247 918
1790 4684
2169 796
8220 4344
160 8089
7832 9184
7637 1054
9107 9285
5719 6360
8690 5506
3512 2803
3468 4228
273 5882
1451 6802
3953 1544
4557 6010
5293 4464
2620 4451
7516 3913
6270 7166
152 1258
990 8107
7398 4444
6203 6319
5366 7950
2300 2820
3052 4895
9357 7190
9544 6653
3402 6332
1223 6985
6134 4667
5887 5040
9178 1923
1120 5782
5159 9105
4465 3646
789 5735
594 4204
1351 3786
2530 6968
6181 8787
799 925
5450 4577
3644 6903
3377 3281
407 6503
738 1821
9814 2743
4134 4583
2397 5633
5789 1540
1614 9128
246 2679
8405 6269
5043 8775
4510 7894
5323 4250
2163 2534
7480 1631
8974 2416
4507 5127
4060 9565
60 3814
5782 8619
8886 989
8799 9221
262 4668
3929 7191
4687 6927
6401 3134
7153 503
8893 8981
1742 1986
6008 8532
4689 4141
2380 9495
7864 69
6470 4347
3848 5319
4612 3025
6388 6175
9892 8448
4825 9971
5310 1197
6228 7792
1077 7747
6879 6255
882 3925
2979 8223
9152 9617
510 1346
6316 186
4947 2927
102 1991
9553 9706
703 2501
2311 5098
237 991
8261 7737
2837 7353
4603 9742
8352 8117
6145 7862
7063 5615
6855 4218
9794 7098
6390 6095
3030 3604
7059 6207
1611 947
985 7058
7976 2491
2654 7465
3080 216
3426 1635
9591 7092
8208 2214
5659 7047
5443 7181
2478 3421
5805 5055
3421 3773
7589 9882
6351 462
962 1600
3656 2044
3024 5862
8210 9131
9540 5636
7699 3169
266 3578
2989 1802
3786 2440
6599 5477
7804 9575
3881 8626
5844 8933
5210 3282
1486 7666
8028 3783
6957 8713
3840 5388
9971 9205
3662 8390
1638 5635
4590 9170
317 513
6614 1460
4082 6306
6687 1402
848 6918
6682 8347
7146 1676
6735 4851
3472 6113
14 459
8185 2766
4749 4320
3202 7891
6986 9356
6199 7782
4477 13
8094 6358
3511 1922
5753 4258
2566 1424
3988 2854
1530 988
5150 6367
2184 4845
4827 4907
2655 4305
7178 357
1842 7286
5699 720
9248 974
1452 9250
9266 4630
5683 1591
9162 9635
1517 9225
4237 5636
3269 9401
2146 4573
5598 1635
4126 6395
6624 8951
3165 5846
4441 2294
3006 4123
1121 6646
1895 8636
7183 2535
6808 3837
4174 4390
4546 842
3297 8447
2853 2442
5790 1947
1832 4910
6197 8977
7053 4427
5691 7063
4988 888
557 2870
2540 1230
9791 8714
7015 2682
5233 6183
9644 3188
7471 2839
7582 3355
902 5201
6681 1502
8584 4348
1175 179
8538 2058
3160 4185
8179 3346
6261 7315
2649 6633
17 3333
6922 9304
4209 3451
1191 8835
7215 870
1222 9864
5223 883
9286 6233
5325 4975
8915 4094
5634 1854
4953 9285
8921 5260
2239 113
4270 310
1361 2904
5911 9541
4640 8469
6182 194
271 6994
7136 6322
8654 9478
8093 1218
3947 7754
65 3096
697 8170
4143 5747
551 7179
6508 1568
2828 6924
9171 3686
8547 5468
6975 7699
1706 8248
1632 1831
6587 1588
3300 1229
6616 5756
6418 6275
1015 1440
1465 9107
8910 42
3037 6008
7552 5816
2434 8106
8099 8711
9455 9059
3539 3583
8940 2847
3381 2060
7318 8201
4746 2801
6281 6690
8311 3420
3211 6639
7722 6036
1320 3984
9020 3860
7998 4942
8015 7272
1856 6369
6473 5855
6274 324
6768 3915
2736 6354
5903 3819
4639 783
4997 9410
7499 1603
1042 3480
6798 7359
6876 9734
2381 9865
6288 1979
754 4274
1097 6714
9205 7999
7975 8869
7477 4226
6291 5290
1259 7555
795 3398
249 4811
7268 3791
3879 7406
5995 3380
7364 2830
9949 8949
1482 7309
3830 7555
7281 7955
1816 5060
8919 6722
4358 946
3979 1726
7651 9654
5676 9825
8476 4699
1921 4088
1470 8762
7615 4785
2609 7204
7226 2112
9986 6105
6381 4601
2323 1167
7708 9331
2406 4041
3123 1278
1639 6308
1512 5000
766 6241
7352 9546
1705 1167
8867 2340
6118 3138
7741 202
1548 7833
6852 295
8571 7698
7948 8762
1876 8292
6126 13
8726 449
4866 2717
53 3818
8389 4365
8310 7230
4075 70
3580 1918
559 6338
5614 5113
2377 7718
5882 636
6702 6123
9875 8963
5488 1136
3675 6461
8073 1539
166 6977
6671 4676
2842 5281
5015 3603
3189 1415
7799 6188
972 9262
3913 9478
3933 586
1905 6000
2020 1832
8231 1412
6480 2435
4336 997
6959 2484
9284 8209
9608 439
8418 830
5154 7227
2418 2712
9736 7360
2480 6040
4439 3234
8203 5955
2119 9395
2725 6572
4808 2066
9906 2250
1372 4525
7889 661
8964 3553
3318 6395
8143 2427
739 5266
9956 9
6709 6253
3248 7973
2646 2586
6807 1467
7866 3104
1215 4740
7920 5397
7214 1952
8050 3860
4654 2893
2338 2652
5871 5424
4606 9679
5863 3021
4425 4667
9711 5632
678 6136
4860 4312
9779 1892
1752 6282
9525 9413
2358 8715
6255 5836
9637 1877
3869 7897
5211 7266
5434 3198
5542 7455
5933 7409
9050 438
8804 6271
7492 2633
1782 3505
3850 8702
994 3219
4549 3298
5419 5603
202 940
3489 5462
6622 9798
5386 7166
8106 1260
7715 2606
4780 4625
4798 2183
6088 6151
7208 7137
8133 9144
6249 7597
9177 3735
7404 6537
4221 2924
7774 8525
5991 5434
522 7029
2815 9479
7824 1844
1603 4053
7994 4765
7351 2151
7229 4980
4628 8104
3650 9349
8117 7253
1753 1209
3941 4210
4595 935
5466 5509
7081 4065
5747 1773
150 5648
1872 8564
7310 3887
5641 3607
3432 4352
104 6153
8469 3908
5201 5663
3209 8499
172 1924
1073 9034
6609 423
7285 44
4278 6112
830 8413
1514 4803
8396 6389
7928 7929
7983 6618
8907 8751
4207 4249
1433 1992
4881 8932
8717 6302
3369 7377
7462 7445
9699 4452
6911 618
2432 676
7523 4613
6677 9633
3398 683
7414 4674
4077 8447
4030 8566
6696 2602
2844 9760
963 3900
1455 9624
6857 5735
9851 500
7077 1204
8054 3705
7045 3234
7440 9527
8096 7291
1870 2448
4888 508
6283 5021
5188 9907
8855 989
3113 2536
1102 8360
1025 4149
5577 8644
8078 5456
9334 5553
4280 2599
8775 3184
6815 2461
6016 135
9762 3047
891 7153
918 7027
6628 1135
3040 7664
9659 2246
5811 9984
5997 9118
9793 3544
9194 4645
6858 5857
7029 8944
2285 9277
8338 5559
5398 4520
8859 5916
2054 7837
976 5530
1665 6488
8991 5529
866 7590
5773 2119
9056 1441
5258 535
4172 1530
8864 7977
5084 2858
3602 6091
4243 7725
4909 6434
2938 1209
5055 3971
3392 1880
6806 4741
2906 9905
9717 5848
9932 1456
4836 3871
3085 6012
1483 625
307 9952
1423 2885
312 5339
2866 338
4460 462
896 3829
6653 7130
7472 8898
450 1240
1143 9988
6313 3145
4717 683
9320 7140
6610 2047
5712 1888
1264 7684
5946 4418
1069 9141
8225 1700
7204 8040
4045 5431
1260 6061
2891 8537
7024 1484
7418 6688
42 3060
7505 2401
7852 9390
5214 9897
3464 1774
4817 9600
2659 4499
2976 3242
2144 9256
1330 3207
2366 638
136 2837
1443 2267
2492 6372
3287 327
67 8309
671 6481
8531 4118
2318 5454
9358 6018
1418 9072
2770 8287
5400 1776
1510 157
3338 1689
3477 2718
1710 3339
9382 9008
8928 6180
3258 2427
143 4099
3829 9639
7504 9281
2367 4923
2903 6944
2021 3957
9843 4026
3385 3190
5714 7170
1821 2883
4754 4912
3751 8378
9886 820
1272 3335
2915 4767
9414 8902
2900 7174
5008 5149
2824 8035
8591 4294
3076 7554
2496 9215
8832 1865
7963 8817
1100 5743
6410 7032
757 9372
6247 9074
8123 351
4723 6662
1473 3272
6444 9310
1387 2459
2681 7056
2159 6133
5874 880
9946 3270
9532 285
1805 8527
488 7132
5088 4276
3649 2960
7307 9957
2515 9616
4447 2611
1697 2128
1290 7940
4509 8766
2560 3632
5496 6725
2739 8364
9848 6059
7335 1302
7612 2931
214 8674
4618 7070
4412 9395
3405 2096
5814 3138
1353 2172
5070 4992
2138 4230
5512 3750
1415 2814
3985 6721
3781 304
9895 2700
7301 8371
4784 7965
9963 9477
8965 5946
319 9440
2462 9296
7829 3598
1404 2511
4459 4257
1814 4271
1280 1235
4080 2200
8173 3051
5454 8941
8708 7538
3663 3230
8183 822
7828 5094
3553 8733
2759 7692
260 9053
8248 4640
2618 7077
7918 2836
4919 2225
9682 1543
8631 6771
4129 5094
2065 6413
8420 7241
665 6429
6560 2985
8480 1048
3458 6331
7990 9388
8993 5219
9141 2166
9433 1555
7448 4337
8455 1665
6505 6378
5500 6259
334 7280
8180 3566
3394 8193
290 3963
4101 2622
121 1632
9319 1700
9912 9666
7798 3316
5876 6954
3028 9829
9125 5198
3201 7160
6043 5204
1328 1700
63 2144
7703 5930
2897 9422
7313 6611
6224 8167
2399 5624
4324 4932
3759 2598
5583 4785
6177 3318
746 5137
4458 2848
82 1817
8060 6392
1536 9430
5757 6449
4656 1527
709 8344
406 2774
7947 3160
3831 7918
9230 7016
2112 456
9175 3400
1713 4414
8211 8650
3938 6640
964 3063
9899 3269
6551 7884
1935 7846
669 1804
2522 2874
4225 792
5764 2266
5361 5671
4584 3403
1429 1419
6724 8713
7613 1166
8359 8658
2812 5790
6356 3094
8897 4007
7439 4174
8319 3301
1395 8745
8656 2095
1311 7336
7402 9087
2067 7892
1758 938
6801 1920
6729 9954
2162 2485
2238 7194
8866 8878
8313 5719
1148 9570
3890 414
7682 2277
7323 1617
1902 8040
1610 3206
3800 8218
7915 131
1849 8293
6990 63
5227 5218
1991 2922
8749 9306
9758 8923
7982 9064
9995 9418
8970 3233
2216 1450
7182 2405
2945 8648
7478 1402
6667 9355
5564 4755
6744 7485
8951 1094
7666 9627
9992 1022
4502 5420
6878 7386
4194 8990
4297 6111
4131 376
288 3073
2330 1842
6521 6447
6279 5442
9477 1629
4188 6065
2846 6447
8605 388
8252 3517
9140 4703
9663 2213
9021 8984
1600 203
3466 8660
5406 5751
364 2026
4729 7932
6774 9268
8237 6878
2516 2435
7697 7373
3852 4197
7914 645
4124 572
3854 3589
1403 9202
9447 908
6209 5033
8840 371
7348 3995
5584 4953
8234 1410
3236 4430
7109 4051
9958 1883
8901 7976
2395 9846
4012 1308
1067 681
745 3534
7075 6128
6908 4067
3795 5319
5301 2729
1030 7880
9879 5717
413 3777
9667 9190
2064 7073
5260 1011
7924 2988
4108 9007
8478 6000
3462 3791
51 5802
7827 8701
4857 1383
8695 8566
5870 7219
1662 483
764 3316
9996 2809
627 812
7844 3398
5221 1061
6484 2625
5106 8319
2716 9231
6847 3958
1379 3539
9473 3631
2016 718
1343 8461
569 6409
3327 3629
5193 786
6903 8934
1195 115
7605 8212
13 3063
4478 3774
9723 4123
4023 9988
4089 738
4226 3107
4219 1932
2315 7899
8459 1597
598 8711
8691 5896
2177 3992
2526 7416
3159 7307
6751 4200
7340 4478
7342 792
1039 4683
1086 8272
4501 6383
6000 6859
636 5896
7174 8871
6099 9196
5592 1876
35 8333
7384 4750
7496 9241
2972 9782
6346 7098
9512 6238
7846 3336
823 9330
2141 4075
1717 2465
6059 7555
6392 8966
4057 3548
3510 783
1393 2889
4257 2037
4668 1020
1221 7967
5654 182
21 4546
1959 2022
956 1709
3560 4079
7194 9108
3118 6921
915 9773
4334 4680
3063 4983
5313 53
6827 2754
4589 2359
2590 6582
5971 6078
4423 8977
2057 1244
5261 9436
283 994
8971 5409
9241 1815
8343 5545
7401 8321
2825 423
2465 2014
4222 4279
2538 550
1300 2066
7343 6940
3736 7477
7458 9129
5451 8101
4263 9186
9765 1057
8662 1972
3695 8028
6813 7247
5550 5283
811 6722
8794 7432
2807 282
5059 4407
1284 3068
9955 1250
8908 8809
923 6889
2194 3741
7269 229
9124 7932
8440 7020
1867 2500
7157 3436
8671 4010
3455 8481
2849 3595
8098 4252
6674 2344
8100 3399
2843 3255
4051 2158
8853 6472
3719 5407
9065 6523
2018 668
1890 335
909 913
3796 5103
5962 1646
1158 3923
8978 7854
9719 7206
4931 6104
6477 7558
3430 5878
410 523
8164 8532
9803 8195
62 8420
8391 7744
8369 8309
4916 8372
1170 4089
4995 9497
6458 6261
2005 8917
6447 3545
572 9689
2801 3144
9106 8466
8874 282
3310 8336
2140 567
4705 4587
4731 6092
6414 6411
5886 8618
6843 3081
991 3514
9206 8461
155 4211
3526 6296
8437 5490
2176 4410
5136 1003
9303 2697
5738 6683
3387 1970
6835 5380
5931 5921
8532 1991
2222 231
5759 6368
221 1702
7429 546
342 7461
8806 8482
9676 8462
736 8692
2359 9224
8642 716
2571 8472
4961 6817
8593 3844
1633 8962
3960 229
8616 9358
2421 9768
2563 4144
216 7975
2830 9461
6753 9291
434 5976
4572 9812
2304 7677
2098 9989
9265 2059
1769 9760
9277 635
6493 670
8458 8279
9710 8648
688 3542
6933 7502
1692 5314
8809 530
8822 1111
9077 9939
666 1570
2827 6885
6231 7582
4637 3793
6953 3393
769 2653
4751 4523
1531 8940
3598 2497
2761 5312
9743 1698
638 1815
6235 7947
2507 7365
4615 7700
1723 7373
245 9623
4289 5620
222 4701
4085 6185
9384 5712
5834 3821
4674 3814
3111 1474
1653 7834
9550 4859
3428 7098
2550 5470
1412 9054
7678 7919
5756 8976
9001 4725
7766 9296
1756 4904
7277 2751
6285 4419
1724 5440
737 5379
5693 1357
403 902
54 2000
5994 2212
771 7321
5932 4086
8156 6416
158 808
3368 6360
8004 1472
8844 6637
7585 7817
5681 5561
6093 4517
903 7818
5205 7795
9092 9703
5988 9027
1394 3500
239 6963
6363 2576
4834 1119
5970 1403
335 2572
2075 3913
3414 2993
8770 1792
5590 5723
8330 806
8948 8405
6168 558
223 8326
9796 1143
9610 9632
8384 4421
7167 7740
7189 1628
9245 4524
4902 9937
1587 3580
3243 4924
2798 5869
7952 9297
8810 2366
5974 2697
6617 8296
5253 9929
9424 8866
5908 1672
4498 7907
8567 3604
8111 7305
9977 4469
4678 5822
4177 571
6553 5518
6100 5070
6030 4012
8990 6859
6639 4220
4710 7227
4841 4054
5013 4583
5883 2063
8878 358
938 6274
4467 925
9678 7287
4958 1820
2293 9177
5803 7668
4533 6766
3420 9847
7737 3365
9605 8975
549 6935
6948 2943
8219 6976
7704 6396
4910 1242
3706 162
7415 5446
9755 5387
4328 8336
457 8545
3762 4837
7463 9367
7684 6228
7306 3746
6630 5072
6996 9653
8870 9480
5040 1159
2168 3981
